0.000625 5 0 0 0 8.93 0 0 0 0 0 0 0 0 0 -0 1 
0.001875 5 0 0 0 8.93 0 0 0 0 0 0 0 0 0 -0 1 
0.003125 5 0 0 0 8.93 0 0 0 0 0 0 0 0 0 -0 1 
0.004375 5 0 0 0 8.93 0 0 0 0 0 0 0 0 0 -0 1 
0.005625 5 0 0 0 8.93 0 0 0 0 0 0 0 0 0 -0 1 
0.006875 5 0 0 0 8.93 0 0 0 0 0 0 0 0 0 -0 1 
0.008125 5 0 0 0 8.93 0 0 0 0 0 0 0 0 0 -0 1 
0.009375 5 0 0 0 8.93 0 0 0 0 0 0 0 0 0 -0 1 
0.010625 5 0 0 0 8.93 0 0 0 0 0 0 0 0 0 -0 1 
0.011875 5 0 0 0 8.93 0 0 0 0 0 0 0 0 0 -0 1 
0.013125 5 0 0 0 8.93 0 0 0 0 0 0 0 0 0 -0 1 
0.014375 5 0 0 0 8.93 0 0 0 0 0 0 0 0 0 -0 1 
0.015625 5 0 0 0 8.93 0 0 0 0 0 0 0 0 0 -0 1 
0.016875 5 0 0 0 8.93 0 0 0 0 0 0 0 0 0 -0 1 
0.018125 5 0 0 0 8.93 0 0 0 0 0 0 0 0 0 -0 1 
0.019375 5 0 0 0 8.93 0 0 0 0 0 0 0 0 0 -0 1 
0.020625 5 0 0 0 8.93 0 0 0 0 0 0 0 0 0 -0 1 
0.021875 5 0 0 0 8.93 0 0 0 0 0 0 0 0 0 -0 1 
0.023125 5 0 0 0 8.93 0 0 0 0 0 0 0 0 0 -0 1 
0.024375 5 0 0 0 8.93 0 0 0 0 0 0 0 0 0 -0 1 
0.025625 5 0 0 0 8.93 0 0 0 0 0 0 0 0 0 -0 1 
0.026875 5 0 0 0 8.93 0 0 0 0 0 0 0 0 0 -0 1 
0.028125 5 0 0 0 8.93 0 0 0 0 0 0 0 0 0 -0 1 
0.029375 5 0 0 0 8.93 0 0 0 0 0 0 0 0 0 -0 1 
0.030625 5 0 0 0 8.93 0 0 0 0 0 0 0 0 0 -0 1 
0.031875 5 0 0 0 8.93 0 0 0 0 0 0 0 0 0 -0 1 
0.033125 5 0 0 0 8.93 0 0 0 0 0 0 0 0 0 -0 1 
0.034375 5 0 0 0 8.93 0 0 0 0 0 0 0 0 0 -0 1 
0.035625 5 0 0 0 8.93 0 0 0 0 0 0 0 0 0 -0 1 
0.036875 5 0 0 0 8.93 0 0 0 0 0 0 0 0 0 -0 1 
0.038125 5 0 0 0 8.93 0 0 0 0 0 0 0 0 0 -0 1 
0.039375 5 0 0 0 8.93 0 0 0 0 0 0 0 0 0 -0 1 
0.040625 5 0 0 0 8.93 0 0 0 0 0 0 0 0 0 -0 1 
0.041875 5 0 0 0 8.93 0 0 0 0 0 0 0 0 0 -0 1 
0.043125 5 0 0 0 8.93 0 0 0 0 0 0 0 0 0 -0 1 
0.044375 5 0 0 0 8.93 0 0 0 0 0 0 0 0 0 -0 1 
0.045625 5 0 0 0 8.93 0 0 0 0 0 0 0 0 0 -0 1 
0.046875 5 0 0 0 8.93 0 0 0 0 0 0 0 0 0 -0 1 
0.048125 5 0 0 0 8.93 0 0 0 0 0 0 0 0 0 -0 1 
0.049375 5 0 0 0 8.93 0 0 0 0 0 0 0 0 0 -0 1 
0.050625 5 0 0 0 8.93 0 0 0 0 0 0 0 0 0 -0 1 
0.051875 5 0 0 0 8.93 0 0 0 0 0 0 0 0 0 -0 1 
0.053125 5 0 0 0 8.93 0 0 0 0 0 0 0 0 0 -0 1 
0.054375 5 0 0 0 8.93 0 0 0 0 0 0 0 0 0 -0 1 
0.055625 5 0 0 0 8.93 0 0 0 0 0 0 0 0 0 -0 1 
0.056875 5 0 0 0 8.93 0 0 0 0 0 0 0 0 0 -0 1 
0.058125 5 0 0 0 8.93 0 0 0 0 0 0 0 0 0 -0 1 
0.059375 5 0 0 0 8.93 0 0 0 0 0 0 0 0 0 -0 1 
0.060625 5 0 0 0 8.93 0 0 0 0 0 0 0 0 0 -0 1 
0.061875 5 0 0 0 8.93 0 0 0 0 0 0 0 0 0 -0 1 
0.063125 5 0 0 0 8.93 0 0 0 0 0 0 0 0 0 -0 1 
0.064375 5 0 0 0 8.93 0 0 0 0 0 0 0 0 0 -0 1 
0.065625 5 0 0 0 8.93 0 0 0 0 0 0 0 0 0 -0 1 
0.066875 5 0 0 0 8.93 0 0 0 0 0 0 0 0 0 -0 1 
0.068125 5 0 0 0 8.93 0 0 0 0 0 0 0 0 0 -0 1 
0.069375 5 0 0 0 8.93 0 0 0 0 0 0 0 0 0 -0 1 
0.070625 5 0 0 0 8.93 0 0 0 0 0 0 0 0 0 -0 1 
0.071875 5 0 0 0 8.93 0 0 0 0 0 0 0 0 0 -0 1 
0.073125 5 0 0 0 8.93 0 0 0 0 0 0 0 0 0 -0 1 
0.074375 5 0 0 0 8.93 0 0 0 0 0 0 0 0 0 -0 1 
0.075625 5 0 0 0 8.93 0 0 0 0 0 0 0 0 0 -0 1 
0.076875 5 0 0 0 8.93 0 0 0 0 0 0 0 0 0 -0 1 
0.078125 5 0 0 0 8.93 0 0 0 0 0 0 0 0 0 -0 1 
0.079375 5 0 0 0 8.93 0 0 0 0 0 0 0 0 0 -0 1 
0.080625 5 0 0 0 8.93 0 0 0 0 0 0 0 0 0 -0 1 
0.081875 5 0 0 0 8.93 0 0 0 0 0 0 0 0 0 -0 1 
0.083125 5 0 0 0 8.93 0 0 0 0 0 0 0 0 0 -0 1 
0.084375 5 0 0 0 8.93 0 0 0 0 0 0 0 0 0 -0 1 
0.085625 5 0 0 0 8.93 0 0 0 0 0 0 0 0 0 -0 1 
0.086875 5 0 0 0 8.93 0 0 0 0 0 0 0 0 0 -0 1 
0.088125 5 0 0 0 8.93 0 0 0 0 0 0 0 0 0 -0 1 
0.089375 5 0 0 0 8.93 0 0 0 0 0 0 0 0 0 -0 1 
0.090625 5 0 0 0 8.93 0 0 0 0 0 0 0 0 0 -0 1 
0.091875 5 0 0 0 8.93 0 0 0 0 0 0 0 0 0 -0 1 
0.093125 5 0 0 0 8.93 0 0 0 0 0 0 0 0 0 -0 1 
0.094375 5 0 0 0 8.93 0 0 0 0 0 0 0 0 0 -0 1 
0.095625 5 0 0 0 8.93 0 0 0 0 0 0 0 0 0 -0 1 
0.096875 5 0 0 0 8.93 0 0 0 0 0 0 0 0 0 -0 1 
0.098125 5 0 0 0 8.93 0 0 0 0 0 0 0 0 0 -0 1 
0.099375 5 0 0 0 8.93 0 0 0 0 0 0 0 0 0 -0 1 
0.100625 5 0 0 0 8.93 0 0 0 0 0 0 0 0 0 -0 1 
0.101875 5 0 0 0 8.93 0 0 0 0 0 0 0 0 0 -0 1 
0.103125 5 0 0 0 8.93 0 0 0 0 0 0 0 0 0 -0 1 
0.104375 5 0 0 0 8.93 0 0 0 0 0 0 0 0 0 -0 1 
0.105625 5 0 0 0 8.93 0 0 0 0 0 0 0 0 0 -0 1 
0.106875 5 0 0 0 8.93 0 0 0 0 0 0 0 0 0 -0 1 
0.108125 5 0 0 0 8.93 0 0 0 0 0 0 0 0 0 -0 1 
0.109375 5 0 0 0 8.93 0 0 0 0 0 0 0 0 0 -0 1 
0.110625 5 0 0 0 8.93 0 0 0 0 0 0 0 0 0 -0 1 
0.111875 5 0 0 0 8.93 0 0 0 0 0 0 0 0 0 -0 1 
0.113125 5 0 0 0 8.93 0 0 0 0 0 0 0 0 0 -0 1 
0.114375 5 0 0 0 8.93 0 0 0 0 0 0 0 0 0 -0 1 
0.115625 5 0 0 0 8.93 0 0 0 0 0 0 0 0 0 -0 1 
0.116875 5 0 0 0 8.93 0 0 0 0 0 0 0 0 0 -0 1 
0.118125 5 0 0 0 8.93 0 0 0 0 0 0 0 0 0 -0 1 
0.119375 5 0 0 0 8.93 0 0 0 0 0 0 0 0 0 -0 1 
0.120625 5 0 0 0 8.93 0 0 0 0 0 0 0 0 0 -0 1 
0.121875 5 0 0 0 8.93 0 0 0 0 0 0 0 0 0 -0 1 
0.123125 5 0 0 0 8.93 0 0 0 0 0 0 0 0 0 -0 1 
0.124375 5 0 0 0 8.93 0 0 0 0 0 0 0 0 0 -0 1 
0.125625 5 0 0 0 8.93 0 0 0 0 0 0 0 0 0 -0 1 
0.126875 5 0 0 0 8.93 0 0 0 0 0 0 0 0 0 -0 1 
0.128125 5 0 0 0 8.93 0 0 0 0 0 0 0 0 0 -0 1 
0.129375 5 0 0 0 8.93 0 0 0 0 0 0 0 0 0 -0 1 
0.130625 5 0 0 0 8.93 0 0 0 0 0 0 0 0 0 -0 1 
0.131875 5 0 0 0 8.93 0 0 0 0 0 0 0 0 0 -0 1 
0.133125 5 0 0 0 8.93 0 0 0 0 0 0 0 0 0 -0 1 
0.134375 5 0 0 0 8.93 0 0 0 0 0 0 0 0 0 -0 1 
0.135625 5 0 0 0 8.93 0 0 0 0 0 0 0 0 0 -0 1 
0.136875 5 0 0 0 8.93 0 0 0 0 0 0 0 0 0 -0 1 
0.138125 5 0 0 0 8.93 0 0 0 0 0 0 0 0 0 -0 1 
0.139375 5 0 0 0 8.93 0 0 0 0 0 0 0 0 0 -0 1 
0.140625 5 0 0 0 8.93 0 0 0 0 0 0 0 0 0 -0 1 
0.141875 5 0 0 0 8.93 0 0 0 0 0 0 0 0 0 -0 1 
0.143125 5 0 0 0 8.93 0 0 0 0 0 0 0 0 0 -0 1 
0.144375 5 0 0 0 8.93 0 0 0 0 0 0 0 0 0 -0 1 
0.145625 5 0 0 0 8.93 0 0 0 0 0 0 0 0 0 -0 1 
0.146875 5 0 0 0 8.93 0 0 0 0 0 0 0 0 0 -0 1 
0.148125 5 0 0 0 8.93 0 0 0 0 0 0 0 0 0 -0 1 
0.149375 5 0 0 0 8.93 0 0 0 0 0 0 0 0 0 -0 1 
0.150625 5 0 0 0 8.93 0 0 0 0 0 0 0 0 0 -0 1 
0.151875 5 0 0 0 8.93 0 0 0 0 0 0 0 0 0 -0 1 
0.153125 5 0 0 0 8.93 0 0 0 0 0 0 0 0 0 -0 1 
0.154375 5 0 0 0 8.93 0 0 0 0 0 0 0 0 0 -0 1 
0.155625 5 0 0 0 8.93 0 0 0 0 0 0 0 0 0 -0 1 
0.156875 5 0 0 0 8.93 0 0 0 0 0 0 0 0 0 -0 1 
0.158125 5 0 0 0 8.93 0 0 0 0 0 0 0 0 0 -0 1 
0.159375 5 0 0 0 8.93 0 0 0 0 0 0 0 0 0 -0 1 
0.160625 5 0 0 0 8.93 0 0 0 0 0 0 0 0 0 -0 1 
0.161875 5 0 0 0 8.93 0 0 0 0 0 0 0 0 0 -0 1 
0.163125 5 0 0 0 8.93 0 0 0 0 0 0 0 0 0 -0 1 
0.164375 5 0 0 0 8.93 0 0 0 0 0 0 0 0 0 -0 1 
0.165625 5 0 0 0 8.93 0 0 0 0 0 0 0 0 0 -0 1 
0.166875 5 0 0 0 8.93 0 0 0 0 0 0 0 0 0 -0 1 
0.168125 0 0 0 0.001379 12.9533 -718.142 0 0 0 -383.981 0 0 0 -383.981 495.368 1 
0.169375 0 0 0 0.001379 12.9533 -718.142 0 0 0 -383.981 0 0 0 -383.981 495.368 1 
0.170625 0 0 0 0.001379 12.9533 -718.142 0 0 0 -383.981 0 0 0 -383.981 495.368 1 
0.171875 0 0 0 0.001379 12.9533 -718.142 0 0 0 -383.981 0 0 0 -383.981 495.368 1 
0.173125 0 0 0 0.001379 12.9533 -718.142 0 0 0 -383.981 0 0 0 -383.981 495.368 1 
0.174375 0 0 0 0.001379 12.9533 -718.142 0 0 0 -383.981 0 0 0 -383.981 495.368 1 
0.175625 0 0 0 0.001379 12.9533 -718.142 0 0 0 -383.981 0 0 0 -383.981 495.368 1 
0.176875 0 0 0 0.001379 12.9533 -718.142 0 0 0 -383.981 0 0 0 -383.981 495.368 1 
0.178125 0 0 0 0.001379 12.9533 -718.142 0 0 0 -383.981 0 0 0 -383.981 495.368 1 
0.179375 0 0 0 0.001379 12.9533 -718.142 0 0 0 -383.981 0 0 0 -383.981 495.368 1 
0.180625 0 0 0 0.001379 12.9533 -718.142 0 0 0 -383.981 0 0 0 -383.981 495.368 1 
0.181875 0 0 0 0.001379 12.9533 -718.142 0 0 0 -383.981 0 0 0 -383.981 495.368 1 
0.183125 0 0 0 0.001379 12.9533 -718.142 0 0 0 -383.981 0 0 0 -383.981 495.368 1 
0.184375 0 0 0 0.001379 12.9533 -718.142 0 0 0 -383.981 0 0 0 -383.981 495.368 1 
0.185625 0 0 0 0.001379 12.9533 -718.142 0 0 0 -383.981 0 0 0 -383.981 495.368 1 
0.186875 0 0 0 0.001379 12.9533 -718.142 0 0 0 -383.981 0 0 0 -383.981 495.368 1 
0.188125 0 0 0 0.001379 12.9533 -718.142 0 0 0 -383.981 0 0 0 -383.981 495.368 1 
0.189375 0 0 0 0.001379 12.9533 -718.142 0 0 0 -383.981 0 0 0 -383.981 495.368 1 
0.190625 0 0 0 0.001379 12.9533 -718.142 0 0 0 -383.981 0 0 0 -383.981 495.368 1 
0.191875 0 0 0 0.001379 12.9533 -718.142 0 0 0 -383.981 0 0 0 -383.981 495.368 1 
0.193125 0 0 0 0.001379 12.9533 -718.142 0 0 0 -383.981 0 0 0 -383.981 495.368 1 
0.194375 0 0 0 0.001379 12.9533 -718.142 0 0 0 -383.981 0 0 0 -383.981 495.368 1 
0.195625 0 0 0 0.001379 12.9533 -718.142 0 0 0 -383.981 0 0 0 -383.981 495.368 1 
0.196875 0 0 0 0.001379 12.9533 -718.142 0 0 0 -383.981 0 0 0 -383.981 495.368 1 
0.198125 0 0 0 0.001379 12.9533 -718.142 0 0 0 -383.981 0 0 0 -383.981 495.368 1 
0.199375 0 0 0 0.001379 12.9533 -718.142 0 0 0 -383.981 0 0 0 -383.981 495.368 1 
0.200625 0 0 0 0.001379 12.9533 -718.142 0 0 0 -383.981 0 0 0 -383.981 495.368 1 
0.201875 0 0 0 0.001379 12.9533 -718.142 0 0 0 -383.981 0 0 0 -383.981 495.368 1 
0.203125 0 0 0 0.001379 12.9533 -718.142 0 0 0 -383.981 0 0 0 -383.981 495.368 1 
0.204375 0 0 0 0.001379 12.9533 -718.142 0 0 0 -383.981 0 0 0 -383.981 495.368 1 
0.205625 0 0 0 0.001379 12.9533 -718.142 0 0 0 -383.981 0 0 0 -383.981 495.368 1 
0.206875 0 0 0 0.001379 12.9533 -718.142 0 0 0 -383.981 0 0 0 -383.981 495.368 1 
0.208125 0 0 0 0.001379 12.9533 -718.142 0 0 0 -383.981 0 0 0 -383.981 495.368 1 
0.209375 0 0 0 0.001379 12.9533 -718.142 0 0 0 -383.981 0 0 0 -383.981 495.368 1 
0.210625 0 0 0 0.001379 12.9533 -718.142 0 0 0 -383.981 0 0 0 -383.981 495.368 1 
0.211875 0 0 0 0.001379 12.9533 -718.142 0 0 0 -383.981 0 0 0 -383.981 495.368 1 
0.213125 0 0 0 0.001379 12.9533 -718.142 0 0 0 -383.981 0 0 0 -383.981 495.368 1 
0.214375 0 0 0 0.001379 12.9533 -718.142 0 0 0 -383.981 0 0 0 -383.981 495.368 1 
0.215625 0 0 0 0.001379 12.9533 -718.142 0 0 0 -383.981 0 0 0 -383.981 495.368 1 
0.216875 0 0 0 0.001379 12.9533 -718.142 0 0 0 -383.981 0 0 0 -383.981 495.368 1 
0.218125 0 0 0 0.001379 12.9533 -718.142 0 0 0 -383.981 0 0 0 -383.981 495.368 1 
0.219375 0 0 0 0.001379 12.9533 -718.142 0 0 0 -383.981 0 0 0 -383.981 495.368 1 
0.220625 0 0 0 0.001379 12.9533 -718.142 0 0 0 -383.981 0 0 0 -383.981 495.368 1 
0.221875 0 0 0 0.001379 12.9533 -718.142 0 0 0 -383.981 0 0 0 -383.981 495.368 1 
0.223125 0 0 0 0.001379 12.9533 -718.142 0 0 0 -383.981 0 0 0 -383.981 495.368 1 
0.224375 0 0 0 0.001379 12.9533 -718.142 0 0 0 -383.981 0 0 0 -383.981 495.368 1 
0.225625 0 0 0 0.001379 12.9533 -718.142 0 0 0 -383.981 0 0 0 -383.981 495.368 1 
0.226875 0 0 0 0.001379 12.9533 -718.142 0 0 0 -383.981 0 0 0 -383.981 495.368 1 
0.228125 0 0 0 0.001379 12.9533 -718.142 0 0 0 -383.981 0 0 0 -383.981 495.368 1 
0.229375 0 0 0 0.001379 12.9533 -718.142 0 0 0 -383.981 0 0 0 -383.981 495.368 1 
0.230625 0 0 0 0.001379 12.9533 -718.142 0 0 0 -383.981 0 0 0 -383.981 495.368 1 
0.231875 0 0 0 0.001379 12.9533 -718.142 0 0 0 -383.981 0 0 0 -383.981 495.368 1 
0.233125 0 0 0 0.001379 12.9533 -718.142 0 0 0 -383.981 0 0 0 -383.981 495.368 1 
0.234375 0 0 0 0.001379 12.9533 -718.142 0 0 0 -383.981 0 0 0 -383.981 495.368 1 
0.235625 0 0 0 0.001379 12.9533 -718.142 0 0 0 -383.981 0 0 0 -383.981 495.368 1 
0.236875 0 0 0 0.001379 12.9533 -718.142 0 0 0 -383.981 0 0 0 -383.981 495.368 1 
0.238125 0 0 0 0.001379 12.9533 -718.142 0 0 0 -383.981 0 0 0 -383.981 495.368 1 
0.239375 0 0 0 0.001379 12.9533 -718.142 0 0 0 -383.981 0 0 0 -383.981 495.368 1 
0.240625 0 0 0 0.001379 12.9533 -718.142 0 0 0 -383.981 0 0 0 -383.981 495.368 1 
0.241875 0 0 0 0.001379 12.9533 -718.142 0 0 0 -383.981 0 0 0 -383.981 495.368 1 
0.243125 0 0 0 0.001379 12.9533 -718.142 0 0 0 -383.981 0 0 0 -383.981 495.368 1 
0.244375 0 0 0 0.001379 12.9533 -718.142 0 0 0 -383.981 0 0 0 -383.981 495.368 1 
0.245625 0 0 0 0.001379 12.9533 -718.142 0 0 0 -383.981 0 0 0 -383.981 495.368 1 
0.246875 0 0 0 0.001379 12.9533 -718.142 0 0 0 -383.981 0 0 0 -383.981 495.368 1 
0.248125 0 0 0 0.001379 12.9533 -718.142 0 0 0 -383.981 0 0 0 -383.981 495.368 1 
0.249375 0 0 0 0.001379 12.9533 -718.142 0 0 0 -383.981 0 0 0 -383.981 495.368 1 
0.250625 0 0 0 0.001379 12.9533 -718.142 0 0 0 -383.981 0 0 0 -383.981 495.368 1 
0.251875 0 0 0 0.001379 12.9533 -718.142 0 0 0 -383.981 0 0 0 -383.981 495.368 1 
0.253125 0 0 0 0.001379 12.9533 -718.142 0 0 0 -383.981 0 0 0 -383.981 495.368 1 
0.254375 0 0 0 0.001379 12.9533 -718.142 0 0 0 -383.981 0 0 0 -383.981 495.368 1 
0.255625 0 0 0 0.001379 12.9533 -718.142 0 0 0 -383.981 0 0 0 -383.981 495.368 1 
0.256875 0 0 0 0.001379 12.9533 -718.142 0 0 0 -383.981 0 0 0 -383.981 495.368 1 
0.258125 0 0 0 0.001379 12.9533 -718.142 0 0 0 -383.981 0 0 0 -383.981 495.368 1 
0.259375 0 0 0 0.001379 12.9533 -718.142 0 0 0 -383.981 0 0 0 -383.981 495.368 1 
0.260625 0 0 0 0.001379 12.9533 -718.142 0 0 0 -383.981 0 0 0 -383.981 495.368 1 
0.261875 0 0 0 0.001379 12.9533 -718.142 0 0 0 -383.981 0 0 0 -383.981 495.368 1 
0.263125 0 0 0 0.001379 12.9533 -718.142 0 0 0 -383.981 0 0 0 -383.981 495.368 1 
0.264375 0 0 0 0.001379 12.9533 -718.142 0 0 0 -383.981 0 0 0 -383.981 495.368 1 
0.265625 0 0 0 0.001379 12.9533 -718.142 0 0 0 -383.981 0 0 0 -383.981 495.368 1 
0.266875 0 0 0 0.001379 12.9533 -718.142 0 0 0 -383.981 0 0 0 -383.981 495.368 1 
0.268125 0 0 0 0.001379 12.9533 -718.142 0 0 0 -383.981 0 0 0 -383.981 495.368 1 
0.269375 0 0 0 0.001379 12.9533 -718.142 0 0 0 -383.981 0 0 0 -383.981 495.368 1 
0.270625 0 0 0 0.001379 12.9533 -718.142 0 0 0 -383.981 0 0 0 -383.981 495.368 1 
0.271875 0 0 0 0.001379 12.9533 -718.142 0 0 0 -383.981 0 0 0 -383.981 495.368 1 
0.273125 0 0 0 0.001379 12.9533 -718.142 0 0 0 -383.981 0 0 0 -383.981 495.368 1 
0.274375 0 0 0 0.001379 12.9533 -718.142 0 0 0 -383.981 0 0 0 -383.981 495.368 1 
0.275625 0 0 0 0.001379 12.9533 -718.142 0 0 0 -383.981 0 0 0 -383.981 495.368 1 
0.276875 0 0 0 0.001379 12.9533 -718.142 0 0 0 -383.981 0 0 0 -383.981 495.368 1 
0.278125 0 0 0 0.001379 12.9533 -718.142 0 0 0 -383.981 0 0 0 -383.981 495.368 1 
0.279375 0 0 0 0.001379 12.9533 -718.142 0 0 0 -383.981 0 0 0 -383.981 495.368 1 
0.280625 0 0 0 0.001379 12.9533 -718.142 0 0 0 -383.981 0 0 0 -383.981 495.368 1 
0.281875 0 0 0 0.001379 12.9533 -718.142 0 0 0 -383.981 0 0 0 -383.981 495.368 1 
0.283125 0 0 0 0.001379 12.9533 -718.142 0 0 0 -383.981 0 0 0 -383.981 495.368 1 
0.284375 0 0 0 0.001379 12.9533 -718.142 0 0 0 -383.981 0 0 0 -383.981 495.368 1 
0.285625 0 0 0 0.001379 12.9533 -718.142 0 0 0 -383.981 0 0 0 -383.981 495.368 1 
0.286875 0 0 0 0.001379 12.9533 -718.142 0 0 0 -383.981 0 0 0 -383.981 495.368 1 
0.288125 0 0 0 0.001379 12.9533 -718.142 0 0 0 -383.981 0 0 0 -383.981 495.368 1 
0.289375 0 0 0 0.001379 12.9533 -718.142 0 0 0 -383.981 0 0 0 -383.981 495.368 1 
0.290625 0 0 0 0.001379 12.9533 -718.142 0 0 0 -383.981 0 0 0 -383.981 495.368 1 
0.291875 0 0 0 0.001379 12.9533 -718.142 0 0 0 -383.981 0 0 0 -383.981 495.368 1 
0.293125 0 0 0 0.001379 12.9533 -718.142 0 0 0 -383.981 0 0 0 -383.981 495.368 1 
0.294375 0 0 0 0.001379 12.9533 -718.142 0 0 0 -383.981 0 0 0 -383.981 495.368 1 
0.295625 0 0 0 0.001379 12.9533 -718.142 0 0 0 -383.981 0 0 0 -383.981 495.368 1 
0.296875 0 0 0 0.001379 12.9533 -718.142 0 0 0 -383.981 0 0 0 -383.981 495.368 1 
0.298125 0 0 0 0.001379 12.9533 -718.142 0 0 0 -383.981 0 0 0 -383.981 495.368 1 
0.299375 0 0 0 0.001379 12.9533 -718.142 0 0 0 -383.981 0 0 0 -383.981 495.368 1 
0.300625 0 0 0 0.001379 12.9533 -718.142 0 0 0 -383.981 0 0 0 -383.981 495.368 1 
0.301875 0 0 0 0.001379 12.9533 -718.142 0 0 0 -383.981 0 0 0 -383.981 495.368 1 
0.303125 0 0 0 0.001379 12.9533 -718.142 0 0 0 -383.981 0 0 0 -383.981 495.368 1 
0.304375 0 0 0 0.001379 12.9533 -718.142 0 0 0 -383.981 0 0 0 -383.981 495.368 1 
0.305625 0 0 0 0.001379 12.9533 -718.142 0 0 0 -383.981 0 0 0 -383.981 495.368 1 
0.306875 0 0 0 0.001379 12.9533 -718.142 0 0 0 -383.981 0 0 0 -383.981 495.368 1 
0.308125 0 0 0 0.001379 12.9533 -718.142 0 0 0 -383.981 0 0 0 -383.981 495.368 1 
0.309375 0 0 0 0.001379 12.9533 -718.142 0 0 0 -383.981 0 0 0 -383.981 495.368 1 
0.310625 0 0 0 0.001379 12.9533 -718.142 0 0 0 -383.981 0 0 0 -383.981 495.368 1 
0.311875 0 0 0 0.001379 12.9533 -718.142 0 0 0 -383.981 0 0 0 -383.981 495.368 1 
0.313125 0 0 0 0.001379 12.9533 -718.142 0 0 0 -383.981 0 0 0 -383.981 495.368 1 
0.314375 0 0 0 0.001379 12.9533 -718.142 0 0 0 -383.981 0 0 0 -383.981 495.368 1 
0.315625 0 0 0 0.001379 12.9533 -718.142 0 0 0 -383.981 0 0 0 -383.981 495.368 1 
0.316875 0 0 0 0.001379 12.9533 -718.142 0 0 0 -383.981 0 0 0 -383.981 495.368 1 
0.318125 0 0 0 0.001379 12.9533 -718.142 0 0 0 -383.981 0 0 0 -383.981 495.368 1 
0.319375 0 0 0 0.001379 12.9533 -718.142 0 0 0 -383.981 0 0 0 -383.981 495.368 1 
0.320625 0 0 0 0.001379 12.9533 -718.142 0 0 0 -383.981 0 0 0 -383.981 495.368 1 
0.321875 0 0 0 0.001379 12.9533 -718.142 0 0 0 -383.981 0 0 0 -383.981 495.368 1 
0.323125 0 0 0 0.001379 12.9533 -718.142 0 0 0 -383.981 0 0 0 -383.981 495.368 1 
0.324375 0 0 0 0.001379 12.9533 -718.142 0 0 0 -383.981 0 0 0 -383.981 495.368 1 
0.325625 0 0 0 0.001379 12.9533 -718.142 0 0 0 -383.981 0 0 0 -383.981 495.368 1 
0.326875 0 0 0 0.001379 12.9533 -718.142 0 0 0 -383.981 0 0 0 -383.981 495.368 1 
0.328125 0 0 0 0.001379 12.9533 -718.142 0 0 0 -383.981 0 0 0 -383.981 495.368 1 
0.329375 0 0 0 0.001379 12.9533 -718.142 0 0 0 -383.981 0 0 0 -383.981 495.368 1 
0.330625 0 0 0 0.001379 12.9533 -718.142 0 0 0 -383.981 0 0 0 -383.981 495.368 1 
0.331875 0 0 0 0.001379 12.9533 -718.142 0 0 0 -383.981 0 0 0 -383.981 495.368 1 
0.333125 0 0 0 0.001379 12.9533 -718.142 0 0 0 -383.981 0 0 0 -383.981 495.368 1 
0.334375 0 0 0 0.001379 12.9533 -718.142 0 0 0 -383.981 0 0 0 -383.981 495.368 1 
0.335625 0 0 0 0.001379 12.9533 -718.142 0 0 0 -383.981 0 0 0 -383.981 495.368 1 
0.336875 0 0 0 0.001379 12.9533 -718.142 0 0 0 -383.981 0 0 0 -383.981 495.368 1 
0.338125 0 0 0 0.001379 12.9533 -718.142 0 0 0 -383.981 0 0 0 -383.981 495.368 1 
0.339375 0 0 0 0.001379 12.9533 -718.142 0 0 0 -383.981 0 0 0 -383.981 495.368 1 
0.340625 0 0 0 0.001379 12.9533 -718.142 0 0 0 -383.981 0 0 0 -383.981 495.368 1 
0.341875 0 0 0 0.001379 12.9533 -718.142 0 0 0 -383.981 0 0 0 -383.981 495.368 1 
0.343125 0 0 0 0.001379 12.9533 -718.142 0 0 0 -383.981 0 0 0 -383.981 495.368 1 
0.344375 0 0 0 0.001379 12.9533 -718.142 0 0 0 -383.981 0 0 0 -383.981 495.368 1 
0.345625 0 0 0 0.001379 12.9533 -718.142 0 0 0 -383.981 0 0 0 -383.981 495.368 1 
0.346875 0 0 0 0.001379 12.9533 -718.142 0 0 0 -383.981 0 0 0 -383.981 495.368 1 
0.348125 0 0 0 0.001379 12.9533 -718.142 0 0 0 -383.981 0 0 0 -383.981 495.368 1 
0.349375 0 0 0 0.001379 12.9533 -718.142 0 0 0 -383.981 0 0 0 -383.981 495.368 1 
0.350625 0 0 0 0.001379 12.9533 -718.142 0 0 0 -383.981 0 0 0 -383.981 495.368 1 
0.351875 0 0 0 0.001379 12.9533 -718.142 0 0 0 -383.981 0 0 0 -383.981 495.368 1 
0.353125 0 0 0 0.001379 12.9533 -718.142 0 0 0 -383.981 0 0 0 -383.981 495.368 1 
0.354375 0 0 0 0.001379 12.9533 -718.142 0 0 0 -383.981 0 0 0 -383.981 495.368 1 
0.355625 0 0 0 0.001379 12.9533 -718.142 0 0 0 -383.981 0 0 0 -383.981 495.368 1 
0.356875 0 0 0 0.001379 12.9533 -718.142 0 0 0 -383.981 0 0 0 -383.981 495.368 1 
0.358125 0 0 0 0.001379 12.9533 -718.142 0 0 0 -383.981 0 0 0 -383.981 495.368 1 
0.359375 0 0 0 0.001379 12.9533 -718.142 0 0 0 -383.981 0 0 0 -383.981 495.368 1 
0.360625 0 0 0 0.001379 12.9533 -718.142 0 0 0 -383.981 0 0 0 -383.981 495.368 1 
0.361875 0 0 0 0.001379 12.9533 -718.142 0 0 0 -383.981 0 0 0 -383.981 495.368 1 
0.363125 0 0 0 0.001379 12.9533 -718.142 0 0 0 -383.981 0 0 0 -383.981 495.368 1 
0.364375 0 0 0 0.001379 12.9533 -718.142 0 0 0 -383.981 0 0 0 -383.981 495.368 1 
0.365625 0 0 0 0.001379 12.9533 -718.142 0 0 0 -383.981 0 0 0 -383.981 495.368 1 
0.366875 0 0 0 0.001379 12.9533 -718.142 0 0 0 -383.981 0 0 0 -383.981 495.368 1 
0.368125 0 0 0 0.001379 12.9533 -718.142 0 0 0 -383.981 0 0 0 -383.981 495.368 1 
0.369375 0 0 0 0.001379 12.9533 -718.142 0 0 0 -383.981 0 0 0 -383.981 495.368 1 
0.370625 0 0 0 0.001379 12.9533 -718.142 0 0 0 -383.981 0 0 0 -383.981 495.368 1 
0.371875 0 0 0 0.001379 12.9533 -718.142 0 0 0 -383.981 0 0 0 -383.981 495.368 1 
0.373125 0 0 0 0.001379 12.9533 -718.142 0 0 0 -383.981 0 0 0 -383.981 495.368 1 
0.374375 0 0 0 0.001379 12.9533 -718.142 0 0 0 -383.981 0 0 0 -383.981 495.368 1 
0.375625 0 0 0 0.001379 12.9533 -718.142 0 0 0 -383.981 0 0 0 -383.981 495.368 1 
0.376875 0 0 0 0.001379 12.9533 -718.142 0 0 0 -383.981 0 0 0 -383.981 495.368 1 
0.378125 0 0 0 0.001379 12.9533 -718.142 0 0 0 -383.981 0 0 0 -383.981 495.368 1 
0.379375 0 0 0 0.001379 12.9533 -718.142 0 0 0 -383.981 0 0 0 -383.981 495.368 1 
0.380625 0 0 0 0.001379 12.9533 -718.142 0 0 0 -383.981 0 0 0 -383.981 495.368 1 
0.381875 0 0 0 0.001379 12.9533 -718.142 0 0 0 -383.981 0 0 0 -383.981 495.368 1 
0.383125 0 0 0 0.001379 12.9533 -718.142 0 0 0 -383.981 0 0 0 -383.981 495.368 1 
0.384375 0 0 0 0.001379 12.9533 -718.142 0 0 0 -383.981 0 0 0 -383.981 495.368 1 
0.385625 0 0 0 0.001379 12.9533 -718.142 0 0 0 -383.981 0 0 0 -383.981 495.368 1 
0.386875 0 0 0 0.001379 12.9533 -718.142 0 0 0 -383.981 0 0 0 -383.981 495.368 1 
0.388125 0 0 0 0.001379 12.9533 -718.142 0 0 0 -383.981 0 0 0 -383.981 495.368 1 
0.389375 0 0 0 0.001379 12.9533 -718.142 0 0 0 -383.981 0 0 0 -383.981 495.368 1 
0.390625 0 0 0 0.001379 12.9533 -718.142 0 0 0 -383.981 0 0 0 -383.981 495.368 1 
0.391875 0 0 0 0.001379 12.9533 -718.142 0 0 0 -383.981 0 0 0 -383.981 495.368 1 
0.393125 0 0 0 0.001379 12.9533 -718.142 0 0 0 -383.981 0 0 0 -383.981 495.368 1 
0.394375 0 0 0 0.001379 12.9533 -718.142 0 0 0 -383.981 0 0 0 -383.981 495.368 1 
0.395625 0 0 0 0.001379 12.9533 -718.142 0 0 0 -383.981 0 0 0 -383.981 495.368 1 
0.396875 0 0 0 0.001379 12.9533 -718.142 0 0 0 -383.981 0 0 0 -383.981 495.368 1 
0.398125 0 0 0 0.001379 12.9533 -718.142 0 0 0 -383.981 0 0 0 -383.981 495.368 1 
0.399375 0 0 0 0.001379 12.9533 -718.142 0 0 0 -383.981 0 0 0 -383.981 495.368 1 
0.400625 0 0 0 0.001379 12.9533 -718.142 0 0 0 -383.981 0 0 0 -383.981 495.368 1 
0.401875 0 0 0 0.001379 12.9533 -718.142 0 0 0 -383.981 0 0 0 -383.981 495.368 1 
0.403125 0 0 0 0.001379 12.9533 -718.142 0 0 0 -383.981 0 0 0 -383.981 495.368 1 
0.404375 0 0 0 0.001379 12.9533 -718.142 0 0 0 -383.981 0 0 0 -383.981 495.368 1 
0.405625 0 0 0 0.001379 12.9533 -718.142 0 0 0 -383.981 0 0 0 -383.981 495.368 1 
0.406875 0 0 0 0.001379 12.9533 -718.142 0 0 0 -383.981 0 0 0 -383.981 495.368 1 
0.408125 0 0 0 0.001379 12.9533 -718.142 0 0 0 -383.981 0 0 0 -383.981 495.368 1 
0.409375 0 0 0 0.001379 12.9533 -718.142 0 0 0 -383.981 0 0 0 -383.981 495.368 1 
0.410625 0 0 0 0.001379 12.9533 -718.142 0 0 0 -383.981 0 0 0 -383.981 495.368 1 
0.411875 0 0 0 0.001379 12.9533 -718.142 0 0 0 -383.981 0 0 0 -383.981 495.368 1 
0.413125 0 0 0 0.001379 12.9533 -718.142 0 0 0 -383.981 0 0 0 -383.981 495.368 1 
0.414375 0 0 0 0.001379 12.9533 -718.142 0 0 0 -383.981 0 0 0 -383.981 495.368 1 
0.415625 0 0 0 0.001379 12.9533 -718.142 0 0 0 -383.981 0 0 0 -383.981 495.368 1 
0.416875 0 0 0 0.001379 12.9533 -718.142 0 0 0 -383.981 0 0 0 -383.981 495.368 1 
0.418125 0 0 0 0.001379 12.9533 -718.142 0 0 0 -383.981 0 0 0 -383.981 495.368 1 
0.419375 0 0 0 0.001379 12.9533 -718.142 0 0 0 -383.981 0 0 0 -383.981 495.368 1 
0.420625 0 0 0 0.001379 12.9533 -718.142 0 0 0 -383.981 0 0 0 -383.981 495.368 1 
0.421875 0 0 0 0.001379 12.9533 -718.142 0 0 0 -383.981 0 0 0 -383.981 495.368 1 
0.423125 0 0 0 0.001379 12.9533 -718.142 0 0 0 -383.981 0 0 0 -383.981 495.368 1 
0.424375 0 0 0 0.001379 12.9533 -718.142 0 0 0 -383.981 0 0 0 -383.981 495.368 1 
0.425625 0 0 0 0.001379 12.9533 -718.142 0 0 0 -383.981 0 0 0 -383.981 495.368 1 
0.426875 0 0 0 0.001379 12.9533 -718.142 0 0 0 -383.981 0 0 0 -383.981 495.368 1 
0.428125 0 0 0 0.001379 12.9533 -718.142 0 0 0 -383.981 0 0 0 -383.981 495.368 1 
0.429375 0 0 0 0.001379 12.9533 -718.142 0 0 0 -383.981 0 0 0 -383.981 495.368 1 
0.430625 0 0 0 0.001379 12.9533 -718.142 0 0 0 -383.981 0 0 0 -383.981 495.368 1 
0.431875 0 0 0 0.001379 12.9533 -718.142 0 0 0 -383.981 0 0 0 -383.981 495.368 1 
0.433125 0 0 0 0.001379 12.9533 -718.142 0 0 0 -383.981 0 0 0 -383.981 495.368 1 
0.434375 0 0 0 0.001379 12.9533 -718.142 0 0 0 -383.981 0 0 0 -383.981 495.368 1 
0.435625 0 0 0 0.001379 12.9533 -718.142 0 0 0 -383.981 0 0 0 -383.981 495.368 1 
0.436875 0 0 0 0.001379 12.9533 -718.142 0 0 0 -383.981 0 0 0 -383.981 495.368 1 
0.438125 0 0 0 0.001379 12.9533 -718.142 0 0 0 -383.981 0 0 0 -383.981 495.368 1 
0.439375 0 0 0 0.001379 12.9533 -718.142 0 0 0 -383.981 0 0 0 -383.981 495.368 1 
0.440625 0 0 0 0.001379 12.9533 -718.142 0 0 0 -383.981 0 0 0 -383.981 495.368 1 
0.441875 0 0 0 0.001379 12.9533 -718.142 0 0 0 -383.981 0 0 0 -383.981 495.368 1 
0.443125 0 0 0 0.001379 12.9533 -718.142 0 0 0 -383.981 0 0 0 -383.981 495.368 1 
0.444375 0 0 0 0.001379 12.9533 -718.142 0 0 0 -383.981 0 0 0 -383.981 495.368 1 
0.445625 0 0 0 0.001379 12.9533 -718.142 0 0 0 -383.981 0 0 0 -383.981 495.368 1 
0.446875 0 0 0 0.001379 12.9533 -718.142 0 0 0 -383.981 0 0 0 -383.981 495.368 1 
0.448125 0 0 0 0.001379 12.9533 -718.142 0 0 0 -383.981 0 0 0 -383.981 495.368 1 
0.449375 0 0 0 0.001379 12.9533 -718.142 0 0 0 -383.981 0 0 0 -383.981 495.368 1 
0.450625 0 0 0 0.001379 12.9533 -718.142 0 0 0 -383.981 0 0 0 -383.981 495.368 1 
0.451875 0 0 0 0.001379 12.9533 -718.142 0 0 0 -383.981 0 0 0 -383.981 495.368 1 
0.453125 0 0 0 0.001379 12.9533 -718.142 0 0 0 -383.981 0 0 0 -383.981 495.368 1 
0.454375 0 0 0 0.001379 12.9533 -718.142 0 0 0 -383.981 0 0 0 -383.981 495.368 1 
0.455625 0 0 0 0.001379 12.9533 -718.142 0 0 0 -383.981 0 0 0 -383.981 495.368 1 
0.456875 0 0 0 0.001379 12.9533 -718.142 0 0 0 -383.981 0 0 0 -383.981 495.368 1 
0.458125 0 0 0 0.001379 12.9533 -718.142 0 0 0 -383.981 0 0 0 -383.981 495.368 1 
0.459375 0 0 0 0.001379 12.9533 -718.142 0 0 0 -383.981 0 0 0 -383.981 495.368 1 
0.460625 0 0 0 0.001379 12.9533 -718.142 0 0 0 -383.981 0 0 0 -383.981 495.368 1 
0.461875 0 0 0 0.001379 12.9533 -718.142 0 0 0 -383.981 0 0 0 -383.981 495.368 1 
0.463125 0 0 0 0.001379 12.9533 -718.142 0 0 0 -383.981 0 0 0 -383.981 495.368 1 
0.464375 0 0 0 0.001379 12.9533 -718.142 0 0 0 -383.981 0 0 0 -383.981 495.368 1 
0.465625 0 0 0 0.001379 12.9533 -718.142 0 0 0 -383.981 0 0 0 -383.981 495.368 1 
0.466875 0 0 0 0.001379 12.9533 -718.142 0 0 0 -383.981 0 0 0 -383.981 495.368 1 
0.468125 0 0 0 0.001379 12.9533 -718.142 0 0 0 -383.981 0 0 0 -383.981 495.368 1 
0.469375 0 0 0 0.001379 12.9533 -718.142 0 0 0 -383.981 0 0 0 -383.981 495.368 1 
0.470625 0 0 0 0.001379 12.9533 -718.142 0 0 0 -383.981 0 0 0 -383.981 495.368 1 
0.471875 0 0 0 0.001379 12.9533 -718.142 0 0 0 -383.981 0 0 0 -383.981 495.368 1 
0.473125 0 0 0 0.001379 12.9533 -718.142 0 0 0 -383.981 0 0 0 -383.981 495.368 1 
0.474375 0 0 0 0.001379 12.9533 -718.142 0 0 0 -383.981 0 0 0 -383.981 495.368 1 
0.475625 0 0 0 0.001379 12.9533 -718.142 0 0 0 -383.981 0 0 0 -383.981 495.368 1 
0.476875 0 0 0 0.001379 12.9533 -718.142 0 0 0 -383.981 0 0 0 -383.981 495.368 1 
0.478125 0 0 0 0.001379 12.9533 -718.142 0 0 0 -383.981 0 0 0 -383.981 495.368 1 
0.479375 0 0 0 0.001379 12.9533 -718.142 0 0 0 -383.981 0 0 0 -383.981 495.368 1 
0.480625 0 0 0 0.001379 12.9533 -718.142 0 0 0 -383.981 0 0 0 -383.981 495.368 1 
0.481875 0 0 0 0.001379 12.9533 -718.142 0 0 0 -383.981 0 0 0 -383.981 495.368 1 
0.483125 0 0 0 0.001379 12.9533 -718.142 0 0 0 -383.981 0 0 0 -383.981 495.368 1 
0.484375 0 0 0 0.001379 12.9533 -718.142 0 0 0 -383.981 0 0 0 -383.981 495.368 1 
0.485625 0 0 0 0.001379 12.9533 -718.142 0 0 0 -383.981 0 0 0 -383.981 495.368 1 
0.486875 0 0 0 0.001379 12.9533 -718.142 0 0 0 -383.981 0 0 0 -383.981 495.368 1 
0.488125 0 0 0 0.001379 12.9533 -718.142 0 0 0 -383.981 0 0 0 -383.981 495.368 1 
0.489375 0 0 0 0.001379 12.9533 -718.142 0 0 0 -383.981 0 0 0 -383.981 495.368 1 
0.490625 0 0 0 0.001379 12.9533 -718.142 0 0 0 -383.981 0 0 0 -383.981 495.368 1 
0.491875 0 0 0 0.001379 12.9533 -718.142 0 0 0 -383.981 0 0 0 -383.981 495.368 1 
0.493125 0 0 0 0.001379 12.9533 -718.142 0 0 0 -383.981 0 0 0 -383.981 495.368 1 
0.494375 0 0 0 0.001379 12.9533 -718.142 0 0 0 -383.981 0 0 0 -383.981 495.368 1 
0.495625 0 0 0 0.001379 12.9533 -718.142 0 0 0 -383.981 0 0 0 -383.981 495.368 1 
0.496875 0 0 0 0.001379 12.9533 -718.142 0 0 0 -383.981 0 0 0 -383.981 495.368 1 
0.498125 0 0 0 0.001379 12.9533 -718.142 0 0 0 -383.981 0 0 0 -383.981 495.368 1 
0.499375 0 0 0 0.001379 12.9533 -718.142 0 0 0 -383.981 0 0 0 -383.981 495.368 1 
0.500625 0 0 0 0.001379 12.9533 -718.142 0 0 0 -383.981 0 0 0 -383.981 495.368 1 
0.501875 0 0 0 0.001379 12.9533 -718.142 0 0 0 -383.981 0 0 0 -383.981 495.368 1 
0.503125 0 0 0 0.001379 12.9533 -718.142 0 0 0 -383.981 0 0 0 -383.981 495.368 1 
0.504375 0 0 0 0.001379 12.9533 -718.142 0 0 0 -383.981 0 0 0 -383.981 495.368 1 
0.505625 0 0 0 0.001379 12.9533 -718.142 0 0 0 -383.981 0 0 0 -383.981 495.368 1 
0.506875 0 0 0 0.001379 12.9533 -718.142 0 0 0 -383.981 0 0 0 -383.981 495.368 1 
0.508125 0 0 0 0.001379 12.9533 -718.142 0 0 0 -383.981 0 0 0 -383.981 495.368 1 
0.509375 0 0 0 0.001379 12.9533 -718.142 0 0 0 -383.981 0 0 0 -383.981 495.368 1 
0.510625 0 0 0 0.001379 12.9533 -718.142 0 0 0 -383.981 0 0 0 -383.981 495.368 1 
0.511875 0 0 0 0.001379 12.9533 -718.142 0 0 0 -383.981 0 0 0 -383.981 495.368 1 
0.513125 0 0 0 0.001379 12.9533 -718.142 0 0 0 -383.981 0 0 0 -383.981 495.368 1 
0.514375 0 0 0 0.001379 12.9533 -718.142 0 0 0 -383.981 0 0 0 -383.981 495.368 1 
0.515625 0 0 0 0.001379 12.9533 -718.142 0 0 0 -383.981 0 0 0 -383.981 495.368 1 
0.516875 0 0 0 0.001379 12.9533 -718.142 0 0 0 -383.981 0 0 0 -383.981 495.368 1 
0.518125 0 0 0 0.001379 12.9533 -718.142 0 0 0 -383.981 0 0 0 -383.981 495.368 1 
0.519375 0 0 0 0.001379 12.9533 -718.142 0 0 0 -383.981 0 0 0 -383.981 495.368 1 
0.520625 0 0 0 0.001379 12.9533 -718.142 0 0 0 -383.981 0 0 0 -383.981 495.368 1 
0.521875 0 0 0 0.001379 12.9533 -718.142 0 0 0 -383.981 0 0 0 -383.981 495.368 1 
0.523125 0 0 0 0.001379 12.9533 -718.142 0 0 0 -383.981 0 0 0 -383.981 495.368 1 
0.524375 0 0 0 0.001379 12.9533 -718.142 0 0 0 -383.981 0 0 0 -383.981 495.368 1 
0.525625 0 0 0 0.001379 12.9533 -718.142 0 0 0 -383.981 0 0 0 -383.981 495.368 1 
0.526875 0 0 0 0.001379 12.9533 -718.142 0 0 0 -383.981 0 0 0 -383.981 495.368 1 
0.528125 0 0 0 0.001379 12.9533 -718.142 0 0 0 -383.981 0 0 0 -383.981 495.368 1 
0.529375 0 0 0 0.001379 12.9533 -718.142 0 0 0 -383.981 0 0 0 -383.981 495.368 1 
0.530625 0 0 0 0.001379 12.9533 -718.142 0 0 0 -383.981 0 0 0 -383.981 495.368 1 
0.531875 0 0 0 0.001379 12.9533 -718.142 0 0 0 -383.981 0 0 0 -383.981 495.368 1 
0.533125 0 0 0 0.001379 12.9533 -718.142 0 0 0 -383.981 0 0 0 -383.981 495.368 1 
0.534375 0 0 0 0.001379 12.9533 -718.142 0 0 0 -383.981 0 0 0 -383.981 495.368 1 
0.535625 0 0 0 0.001379 12.9533 -718.142 0 0 0 -383.981 0 0 0 -383.981 495.368 1 
0.536875 0 0 0 0.001379 12.9533 -718.142 0 0 0 -383.981 0 0 0 -383.981 495.368 1 
0.538125 0 0 0 0.001379 12.9533 -718.142 0 0 0 -383.981 0 0 0 -383.981 495.368 1 
0.539375 0 0 0 0.001379 12.9533 -718.142 0 0 0 -383.981 0 0 0 -383.981 495.368 1 
0.540625 0 0 0 0.001379 12.9533 -718.142 0 0 0 -383.981 0 0 0 -383.981 495.368 1 
0.541875 0 0 0 0.001379 12.9533 -718.142 0 0 0 -383.981 0 0 0 -383.981 495.368 1 
0.543125 0 0 0 0.001379 12.9533 -718.142 0 0 0 -383.981 0 0 0 -383.981 495.368 1 
0.544375 0 0 0 0.001379 12.9533 -718.142 0 0 0 -383.981 0 0 0 -383.981 495.368 1 
0.545625 0 0 0 0.001379 12.9533 -718.142 0 0 0 -383.981 0 0 0 -383.981 495.368 1 
0.546875 0 0 0 0.001379 12.9533 -718.142 0 0 0 -383.981 0 0 0 -383.981 495.368 1 
0.548125 0 0 0 0.001379 12.9533 -718.142 0 0 0 -383.981 0 0 0 -383.981 495.368 1 
0.549375 0 0 0 0.001379 12.9533 -718.142 0 0 0 -383.981 0 0 0 -383.981 495.368 1 
0.550625 0 0 0 0.001379 12.9533 -718.142 0 0 0 -383.981 0 0 0 -383.981 495.368 1 
0.551875 0 0 0 0.001379 12.9533 -718.142 0 0 0 -383.981 0 0 0 -383.981 495.368 1 
0.553125 0 0 0 0.001379 12.9533 -718.142 0 0 0 -383.981 0 0 0 -383.981 495.368 1 
0.554375 0 0 0 0.001379 12.9533 -718.142 0 0 0 -383.981 0 0 0 -383.981 495.368 1 
0.555625 0 0 0 0.001379 12.9533 -718.142 0 0 0 -383.981 0 0 0 -383.981 495.368 1 
0.556875 0 0 0 0.001379 12.9533 -718.142 0 0 0 -383.981 0 0 0 -383.981 495.368 1 
0.558125 0 0 0 0.001379 12.9533 -718.142 0 0 0 -383.981 0 0 0 -383.981 495.368 1 
0.559375 0 0 0 0.001379 12.9533 -718.142 0 0 0 -383.981 0 0 0 -383.981 495.368 1 
0.560625 0 0 0 0.001379 12.9533 -718.142 0 0 0 -383.981 0 0 0 -383.981 495.368 1 
0.561875 0 0 0 0.001379 12.9533 -718.142 0 0 0 -383.981 0 0 0 -383.981 495.368 1 
0.563125 0 0 0 0.001379 12.9533 -718.142 0 0 0 -383.981 0 0 0 -383.981 495.368 1 
0.564375 0 0 0 0.001379 12.9533 -718.142 0 0 0 -383.981 0 0 0 -383.981 495.368 1 
0.565625 0 0 0 0.001379 12.9533 -718.142 0 0 0 -383.981 0 0 0 -383.981 495.368 1 
0.566875 0 0 0 0.001379 12.9533 -718.142 0 0 0 -383.981 0 0 0 -383.981 495.368 1 
0.568125 0 0 0 0.001379 12.9533 -718.142 0 0 0 -383.981 0 0 0 -383.981 495.368 1 
0.569375 0 0 0 0.001379 12.9533 -718.142 0 0 0 -383.981 0 0 0 -383.981 495.368 1 
0.570625 0 0 0 0.001379 12.9533 -718.142 0 0 0 -383.981 0 0 0 -383.981 495.368 1 
0.571875 0 0 0 0.001379 12.9533 -718.142 0 0 0 -383.981 0 0 0 -383.981 495.368 1 
0.573125 0 0 0 0.001379 12.9533 -718.142 0 0 0 -383.981 0 0 0 -383.981 495.368 1 
0.574375 0 0 0 0.001379 12.9533 -718.142 0 0 0 -383.981 0 0 0 -383.981 495.368 1 
0.575625 0 0 0 0.001379 12.9533 -718.142 0 0 0 -383.981 0 0 0 -383.981 495.368 1 
0.576875 0 0 0 0.001379 12.9533 -718.142 0 0 0 -383.981 0 0 0 -383.981 495.368 1 
0.578125 0 0 0 0.001379 12.9533 -718.142 0 0 0 -383.981 0 0 0 -383.981 495.368 1 
0.579375 0 0 0 0.001379 12.9533 -718.142 0 0 0 -383.981 0 0 0 -383.981 495.368 1 
0.580625 0 0 0 0.001379 12.9533 -718.142 0 0 0 -383.981 0 0 0 -383.981 495.368 1 
0.581875 0 0 0 0.001379 12.9533 -718.142 0 0 0 -383.981 0 0 0 -383.981 495.368 1 
0.583125 0 0 0 0.001379 12.9533 -718.142 0 0 0 -383.981 0 0 0 -383.981 495.368 1 
0.584375 0 0 0 0.001379 12.9533 -718.142 0 0 0 -383.981 0 0 0 -383.981 495.368 1 
0.585625 0 0 0 0.001379 12.9533 -718.142 0 0 0 -383.981 0 0 0 -383.981 495.368 1 
0.586875 0 0 0 0.001379 12.9533 -718.142 0 0 0 -383.981 0 0 0 -383.981 495.368 1 
0.588125 0 0 0 0.001379 12.9533 -718.142 0 0 0 -383.981 0 0 0 -383.981 495.368 1 
0.589375 0 0 0 0.001379 12.9533 -718.142 0 0 0 -383.981 0 0 0 -383.981 495.368 1 
0.590625 0 0 0 0.001379 12.9533 -718.142 0 0 0 -383.981 0 0 0 -383.981 495.368 1 
0.591875 0 0 0 0.001379 12.9533 -718.142 0 0 0 -383.981 0 0 0 -383.981 495.368 1 
0.593125 0 0 0 0.001379 12.9533 -718.142 0 0 0 -383.981 0 0 0 -383.981 495.368 1 
0.594375 0 0 0 0.001379 12.9533 -718.142 0 0 0 -383.981 0 0 0 -383.981 495.368 1 
0.595625 0 0 0 0.001379 12.9533 -718.142 0 0 0 -383.981 0 0 0 -383.981 495.368 1 
0.596875 0 0 0 0.001379 12.9533 -718.142 0 0 0 -383.981 0 0 0 -383.981 495.368 1 
0.598125 0 0 0 0.001379 12.9533 -718.142 0 0 0 -383.981 0 0 0 -383.981 495.368 1 
0.599375 0 0 0 0.001379 12.9533 -718.142 0 0 0 -383.981 0 0 0 -383.981 495.368 1 
0.600625 0 0 0 0.001379 12.9533 -718.142 0 0 0 -383.981 0 0 0 -383.981 495.368 1 
0.601875 0 0 0 0.001379 12.9533 -718.142 0 0 0 -383.981 0 0 0 -383.981 495.368 1 
0.603125 0 0 0 0.001379 12.9533 -718.142 0 0 0 -383.981 0 0 0 -383.981 495.368 1 
0.604375 0 0 0 0.001379 12.9533 -718.142 0 0 0 -383.981 0 0 0 -383.981 495.368 1 
0.605625 0 0 0 0.001379 12.9533 -718.142 0 0 0 -383.981 0 0 0 -383.981 495.368 1 
0.606875 0 0 0 0.001379 12.9533 -718.142 0 0 0 -383.981 0 0 0 -383.981 495.368 1 
0.608125 0 0 0 0.001379 12.9533 -718.142 0 0 0 -383.981 0 0 0 -383.981 495.368 1 
0.609375 0 0 0 0.001379 12.9533 -718.142 0 0 0 -383.981 0 0 0 -383.981 495.368 1 
0.610625 0 0 0 0.001379 12.9533 -718.142 0 0 0 -383.981 0 0 0 -383.981 495.368 1 
0.611875 0 0 0 0.001379 12.9533 -718.142 0 0 0 -383.981 0 0 0 -383.981 495.368 1 
0.613125 0 0 0 0.001379 12.9533 -718.142 0 0 0 -383.981 0 0 0 -383.981 495.368 1 
0.614375 0 0 0 0.001379 12.9533 -718.142 0 0 0 -383.981 0 0 0 -383.981 495.368 1 
0.615625 0 0 0 0.001379 12.9533 -718.142 0 0 0 -383.981 0 0 0 -383.981 495.368 1 
0.616875 0 0 0 0.001379 12.9533 -718.142 0 0 0 -383.981 0 0 0 -383.981 495.368 1 
0.618125 0 0 0 0.001379 12.9533 -718.142 0 0 0 -383.981 0 0 0 -383.981 495.368 1 
0.619375 0 0 0 0.001379 12.9533 -718.142 0 0 0 -383.981 0 0 0 -383.981 495.368 1 
0.620625 0 0 0 0.001379 12.9533 -718.142 0 0 0 -383.981 0 0 0 -383.981 495.368 1 
0.621875 0 0 0 0.001379 12.9533 -718.142 0 0 0 -383.981 0 0 0 -383.981 495.368 1 
0.623125 0 0 0 0.001379 12.9533 -718.142 0 0 0 -383.981 0 0 0 -383.981 495.368 1 
0.624375 0 0 0 0.001379 12.9533 -718.142 0 0 0 -383.981 0 0 0 -383.981 495.368 1 
0.625625 0 0 0 0.001379 12.9533 -718.142 0 0 0 -383.981 0 0 0 -383.981 495.368 1 
0.626875 0 0 0 0.001379 12.9533 -718.142 0 0 0 -383.981 0 0 0 -383.981 495.368 1 
0.628125 0 0 0 0.001379 12.9533 -718.142 0 0 0 -383.981 0 0 0 -383.981 495.368 1 
0.629375 0 0 0 0.001379 12.9533 -718.142 0 0 0 -383.981 0 0 0 -383.981 495.368 1 
0.630625 0 0 0 0.001379 12.9533 -718.142 0 0 0 -383.981 0 0 0 -383.981 495.368 1 
0.631875 0 0 0 0.001379 12.9533 -718.142 0 0 0 -383.981 0 0 0 -383.981 495.368 1 
0.633125 0 0 0 0.001379 12.9533 -718.142 0 0 0 -383.981 0 0 0 -383.981 495.368 1 
0.634375 0 0 0 0.001379 12.9533 -718.142 0 0 0 -383.981 0 0 0 -383.981 495.368 1 
0.635625 0 0 0 0.001379 12.9533 -718.142 0 0 0 -383.981 0 0 0 -383.981 495.368 1 
0.636875 0 0 0 0.001379 12.9533 -718.142 0 0 0 -383.981 0 0 0 -383.981 495.368 1 
0.638125 0 0 0 0.001379 12.9533 -718.142 0 0 0 -383.981 0 0 0 -383.981 495.368 1 
0.639375 0 0 0 0.001379 12.9533 -718.142 0 0 0 -383.981 0 0 0 -383.981 495.368 1 
0.640625 0 0 0 0.001379 12.9533 -718.142 0 0 0 -383.981 0 0 0 -383.981 495.368 1 
0.641875 0 0 0 0.001379 12.9533 -718.142 0 0 0 -383.981 0 0 0 -383.981 495.368 1 
0.643125 0 0 0 0.001379 12.9533 -718.142 0 0 0 -383.981 0 0 0 -383.981 495.368 1 
0.644375 0 0 0 0.001379 12.9533 -718.142 0 0 0 -383.981 0 0 0 -383.981 495.368 1 
0.645625 0 0 0 0.001379 12.9533 -718.142 0 0 0 -383.981 0 0 0 -383.981 495.368 1 
0.646875 0 0 0 0.001379 12.9533 -718.142 0 0 0 -383.981 0 0 0 -383.981 495.368 1 
0.648125 0 0 0 0.001379 12.9533 -718.142 0 0 0 -383.981 0 0 0 -383.981 495.368 1 
0.649375 0 0 0 0.001379 12.9533 -718.142 0 0 0 -383.981 0 0 0 -383.981 495.368 1 
0.650625 0 0 0 0.001379 12.9533 -718.142 0 0 0 -383.981 0 0 0 -383.981 495.368 1 
0.651875 0 0 0 0.001379 12.9533 -718.142 0 0 0 -383.981 0 0 0 -383.981 495.368 1 
0.653125 0 0 0 0.001379 12.9533 -718.142 0 0 0 -383.981 0 0 0 -383.981 495.368 1 
0.654375 0 0 0 0.001379 12.9533 -718.142 0 0 0 -383.981 0 0 0 -383.981 495.368 1 
0.655625 0 0 0 0.001379 12.9533 -718.142 0 0 0 -383.981 0 0 0 -383.981 495.368 1 
0.656875 0 0 0 0.001379 12.9533 -718.142 0 0 0 -383.981 0 0 0 -383.981 495.368 1 
0.658125 0 0 0 0.001379 12.9533 -718.142 0 0 0 -383.981 0 0 0 -383.981 495.368 1 
0.659375 0 0 0 0.001379 12.9533 -718.142 0 0 0 -383.981 0 0 0 -383.981 495.368 1 
0.660625 0 0 0 0.001379 12.9533 -718.142 0 0 0 -383.981 0 0 0 -383.981 495.368 1 
0.661875 0 0 0 0.001379 12.9533 -718.142 0 0 0 -383.981 0 0 0 -383.981 495.368 1 
0.663125 0 0 0 0.001379 12.9533 -718.142 0 0 0 -383.981 0 0 0 -383.981 495.368 1 
0.664375 0 0 0 0.001379 12.9533 -718.142 0 0 0 -383.981 0 0 0 -383.981 495.368 1 
0.665625 0 0 0 0.001379 12.9533 -718.142 0 0 0 -383.981 0 0 0 -383.981 495.368 1 
0.666875 0 0 0 0.001379 12.9533 -718.142 0 0 0 -383.981 0 0 0 -383.981 495.368 1 
0.668125 0 0 0 0.001379 12.9533 -718.142 0 0 0 -383.981 0 0 0 -383.981 495.368 1 
0.669375 0 0 0 0.001379 12.9533 -718.142 0 0 0 -383.981 0 0 0 -383.981 495.368 1 
0.670625 0 0 0 0.001379 12.9533 -718.142 0 0 0 -383.981 0 0 0 -383.981 495.368 1 
0.671875 0 0 0 0.001379 12.9533 -718.142 0 0 0 -383.981 0 0 0 -383.981 495.368 1 
0.673125 0 0 0 0.001379 12.9533 -718.142 0 0 0 -383.981 0 0 0 -383.981 495.368 1 
0.674375 0 0 0 0.001379 12.9533 -718.142 0 0 0 -383.981 0 0 0 -383.981 495.368 1 
0.675625 0 0 0 0.001379 12.9533 -718.142 0 0 0 -383.981 0 0 0 -383.981 495.368 1 
0.676875 0 0 0 0.001379 12.9533 -718.142 0 0 0 -383.981 0 0 0 -383.981 495.368 1 
0.678125 0 0 0 0.001379 12.9533 -718.142 0 0 0 -383.981 0 0 0 -383.981 495.368 1 
0.679375 0 0 0 0.001379 12.9533 -718.142 0 0 0 -383.981 0 0 0 -383.981 495.368 1 
0.680625 0 0 0 0.001379 12.9533 -718.142 0 0 0 -383.981 0 0 0 -383.981 495.368 1 
0.681875 0 0 0 0.001379 12.9533 -718.142 0 0 0 -383.981 0 0 0 -383.981 495.368 1 
0.683125 0 0 0 0.001379 12.9533 -718.142 0 0 0 -383.981 0 0 0 -383.981 495.368 1 
0.684375 0 0 0 0.001379 12.9533 -718.142 0 0 0 -383.981 0 0 0 -383.981 495.368 1 
0.685625 0 0 0 0.001379 12.9533 -718.142 0 0 0 -383.981 0 0 0 -383.981 495.368 1 
0.686875 0 0 0 0.001379 12.9533 -718.142 0 0 0 -383.981 0 0 0 -383.981 495.368 1 
0.688125 0 0 0 0.001379 12.9533 -718.142 0 0 0 -383.981 0 0 0 -383.981 495.368 1 
0.689375 0 0 0 0.001379 12.9533 -718.142 0 0 0 -383.981 0 0 0 -383.981 495.368 1 
0.690625 0 0 0 0.001379 12.9533 -718.142 0 0 0 -383.981 0 0 0 -383.981 495.368 1 
0.691875 0 0 0 0.001379 12.9533 -718.142 0 0 0 -383.981 0 0 0 -383.981 495.368 1 
0.693125 0 0 0 0.001379 12.9533 -718.142 0 0 0 -383.981 0 0 0 -383.981 495.368 1 
0.694375 0 0 0 0.001379 12.9533 -718.142 0 0 0 -383.981 0 0 0 -383.981 495.368 1 
0.695625 0 0 0 0.001379 12.9533 -718.142 0 0 0 -383.981 0 0 0 -383.981 495.368 1 
0.696875 0 0 0 0.001379 12.9533 -718.142 0 0 0 -383.981 0 0 0 -383.981 495.368 1 
0.698125 0 0 0 0.001379 12.9533 -718.142 0 0 0 -383.981 0 0 0 -383.981 495.368 1 
0.699375 0 0 0 0.001379 12.9533 -718.142 0 0 0 -383.981 0 0 0 -383.981 495.368 1 
0.700625 0 0 0 0.001379 12.9533 -718.142 0 0 0 -383.981 0 0 0 -383.981 495.368 1 
0.701875 0 0 0 0.001379 12.9533 -718.142 0 0 0 -383.981 0 0 0 -383.981 495.368 1 
0.703125 0 0 0 0.001379 12.9533 -718.142 0 0 0 -383.981 0 0 0 -383.981 495.368 1 
0.704375 0 0 0 0.001379 12.9533 -718.142 0 0 0 -383.981 0 0 0 -383.981 495.368 1 
0.705625 0 0 0 0.001379 12.9533 -718.142 0 0 0 -383.981 0 0 0 -383.981 495.368 1 
0.706875 0 0 0 0.001379 12.9533 -718.142 0 0 0 -383.981 0 0 0 -383.981 495.368 1 
0.708125 0 0 0 0.001379 12.9533 -718.142 0 0 0 -383.981 0 0 0 -383.981 495.368 1 
0.709375 0 0 0 0.001379 12.9533 -718.142 0 0 0 -383.981 0 0 0 -383.981 495.368 1 
0.710625 0 0 0 0.001379 12.9533 -718.142 0 0 0 -383.981 0 0 0 -383.981 495.368 1 
0.711875 0 0 0 0.001379 12.9533 -718.142 0 0 0 -383.981 0 0 0 -383.981 495.368 1 
0.713125 0 0 0 0.001379 12.9533 -718.142 0 0 0 -383.981 0 0 0 -383.981 495.368 1 
0.714375 0 0 0 0.001379 12.9533 -718.142 0 0 0 -383.981 0 0 0 -383.981 495.368 1 
0.715625 0 0 0 0.001379 12.9533 -718.142 0 0 0 -383.981 0 0 0 -383.981 495.368 1 
0.716875 0 0 0 0.001379 12.9533 -718.142 0 0 0 -383.981 0 0 0 -383.981 495.368 1 
0.718125 0 0 0 0.001379 12.9533 -718.142 0 0 0 -383.981 0 0 0 -383.981 495.368 1 
0.719375 0 0 0 0.001379 12.9533 -718.142 0 0 0 -383.981 0 0 0 -383.981 495.368 1 
0.720625 0 0 0 0.001379 12.9533 -718.142 0 0 0 -383.981 0 0 0 -383.981 495.368 1 
0.721875 0 0 0 0.001379 12.9533 -718.142 0 0 0 -383.981 0 0 0 -383.981 495.368 1 
0.723125 0 0 0 0.001379 12.9533 -718.142 0 0 0 -383.981 0 0 0 -383.981 495.368 1 
0.724375 0 0 0 0.001379 12.9533 -718.142 0 0 0 -383.981 0 0 0 -383.981 495.368 1 
0.725625 0 0 0 0.001379 12.9533 -718.142 0 0 0 -383.981 0 0 0 -383.981 495.368 1 
0.726875 0 0 0 0.001379 12.9533 -718.142 0 0 0 -383.981 0 0 0 -383.981 495.368 1 
0.728125 0 0 0 0.001379 12.9533 -718.142 0 0 0 -383.981 0 0 0 -383.981 495.368 1 
0.729375 0 0 0 0.001379 12.9533 -718.142 0 0 0 -383.981 0 0 0 -383.981 495.368 1 
0.730625 0 0 0 0.001379 12.9533 -718.142 0 0 0 -383.981 0 0 0 -383.981 495.368 1 
0.731875 0 0 0 0.001379 12.9533 -718.142 0 0 0 -383.981 0 0 0 -383.981 495.368 1 
0.733125 0 0 0 0.001379 12.9533 -718.142 0 0 0 -383.981 0 0 0 -383.981 495.368 1 
0.734375 0 0 0 0.001379 12.9533 -718.142 0 0 0 -383.981 0 0 0 -383.981 495.368 1 
0.735625 0 0 0 0.001379 12.9533 -718.142 0 0 0 -383.981 0 0 0 -383.981 495.368 1 
0.736875 0 0 0 0.001379 12.9533 -718.142 0 0 0 -383.981 0 0 0 -383.981 495.368 1 
0.738125 0 0 0 0.001379 12.9533 -718.142 0 0 0 -383.981 0 0 0 -383.981 495.368 1 
0.739375 0 0 0 0.001379 12.9533 -718.142 0 0 0 -383.981 0 0 0 -383.981 495.368 1 
0.740625 0 0 0 0.001379 12.9533 -718.142 0 0 0 -383.981 0 0 0 -383.981 495.368 1 
0.741875 0 0 0 0.001379 12.9533 -718.142 0 0 0 -383.981 0 0 0 -383.981 495.368 1 
0.743125 0 0 0 0.001379 12.9533 -718.142 0 0 0 -383.981 0 0 0 -383.981 495.368 1 
0.744375 0 0 0 0.001379 12.9533 -718.142 0 0 0 -383.981 0 0 0 -383.981 495.368 1 
0.745625 0 0 0 0.001379 12.9533 -718.142 0 0 0 -383.981 0 0 0 -383.981 495.368 1 
0.746875 0 0 0 0.001379 12.9533 -718.142 0 0 0 -383.981 0 0 0 -383.981 495.368 1 
0.748125 0 0 0 0.001379 12.9533 -718.142 0 0 0 -383.981 0 0 0 -383.981 495.368 1 
0.749375 0 0 0 0.001379 12.9533 -718.142 0 0 0 -383.981 0 0 0 -383.981 495.368 1 
0.750625 0 0 0 0.001379 12.9533 -718.142 0 0 0 -383.981 0 0 0 -383.981 495.368 1 
0.751875 0 0 0 0.001379 12.9533 -718.142 0 0 0 -383.981 0 0 0 -383.981 495.368 1 
0.753125 0 0 0 0.001379 12.9533 -718.142 0 0 0 -383.981 0 0 0 -383.981 495.368 1 
0.754375 0 0 0 0.001379 12.9533 -718.142 0 0 0 -383.981 0 0 0 -383.981 495.368 1 
0.755625 0 0 0 0.001379 12.9533 -718.142 0 0 0 -383.981 0 0 0 -383.981 495.368 1 
0.756875 0 0 0 0.001379 12.9533 -718.142 0 0 0 -383.981 0 0 0 -383.981 495.368 1 
0.758125 0 0 0 0.001379 12.9533 -718.142 0 0 0 -383.981 0 0 0 -383.981 495.368 1 
0.759375 0 0 0 0.001379 12.9533 -718.142 0 0 0 -383.981 0 0 0 -383.981 495.368 1 
0.760625 0 0 0 0.001379 12.9533 -718.142 0 0 0 -383.981 0 0 0 -383.981 495.368 1 
0.761875 0 0 0 0.001379 12.9533 -718.142 0 0 0 -383.981 0 0 0 -383.981 495.368 1 
0.763125 0 0 0 0.001379 12.9533 -718.142 0 0 0 -383.981 0 0 0 -383.981 495.368 1 
0.764375 0 0 0 0.001379 12.9533 -718.142 0 0 0 -383.981 0 0 0 -383.981 495.368 1 
0.765625 0 0 0 0.001379 12.9533 -718.142 0 0 0 -383.981 0 0 0 -383.981 495.368 1 
0.766875 0 0 0 0.001379 12.9533 -718.142 0 0 0 -383.981 0 0 0 -383.981 495.368 1 
0.768125 0 0 0 0.001379 12.9533 -718.142 0 0 0 -383.981 0 0 0 -383.981 495.368 1 
0.769375 0 0 0 0.001379 12.9533 -718.142 0 0 0 -383.981 0 0 0 -383.981 495.368 1 
0.770625 0 0 0 0.001379 12.9533 -718.142 0 0 0 -383.981 0 0 0 -383.981 495.368 1 
0.771875 0 0 0 0.001379 12.9533 -718.142 0 0 0 -383.981 0 0 0 -383.981 495.368 1 
0.773125 0 0 0 0.001379 12.9533 -718.142 0 0 0 -383.981 0 0 0 -383.981 495.368 1 
0.774375 0 0 0 0.001379 12.9533 -718.142 0 0 0 -383.981 0 0 0 -383.981 495.368 1 
0.775625 0 0 0 0.001379 12.9533 -718.142 0 0 0 -383.981 0 0 0 -383.981 495.368 1 
0.776875 0 0 0 0.001379 12.9533 -718.142 0 0 0 -383.981 0 0 0 -383.981 495.368 1 
0.778125 0 0 0 0.001379 12.9533 -718.142 0 0 0 -383.981 0 0 0 -383.981 495.368 1 
0.779375 0 0 0 0.001379 12.9533 -718.142 0 0 0 -383.981 0 0 0 -383.981 495.368 1 
0.780625 0 0 0 0.001379 12.9533 -718.142 0 0 0 -383.981 0 0 0 -383.981 495.368 1 
0.781875 0 0 0 0.001379 12.9533 -718.142 0 0 0 -383.981 0 0 0 -383.981 495.368 1 
0.783125 0 0 0 0.001379 12.9533 -718.142 0 0 0 -383.981 0 0 0 -383.981 495.368 1 
0.784375 0 0 0 0.001379 12.9533 -718.142 0 0 0 -383.981 0 0 0 -383.981 495.368 1 
0.785625 0 0 0 0.001379 12.9533 -718.142 0 0 0 -383.981 0 0 0 -383.981 495.368 1 
0.786875 0 0 0 0.001379 12.9533 -718.142 0 0 0 -383.981 0 0 0 -383.981 495.368 1 
0.788125 0 0 0 0.001379 12.9533 -718.142 0 0 0 -383.981 0 0 0 -383.981 495.368 1 
0.789375 0 0 0 0.001379 12.9533 -718.142 0 0 0 -383.981 0 0 0 -383.981 495.368 1 
0.790625 0 0 0 0.001379 12.9533 -718.142 0 0 0 -383.981 0 0 0 -383.981 495.368 1 
0.791875 0 0 0 0.001379 12.9533 -718.142 0 0 0 -383.981 0 0 0 -383.981 495.368 1 
0.793125 0 0 0 0.001379 12.9533 -718.142 0 0 0 -383.981 0 0 0 -383.981 495.368 1 
0.794375 0 0 0 0.001379 12.9533 -718.142 0 0 0 -383.981 0 0 0 -383.981 495.368 1 
0.795625 0 0 0 0.001379 12.9533 -718.142 0 0 0 -383.981 0 0 0 -383.981 495.368 1 
0.796875 0 0 0 0.001379 12.9533 -718.142 0 0 0 -383.981 0 0 0 -383.981 495.368 1 
0.798125 0 0 0 0.001379 12.9533 -718.142 0 0 0 -383.981 0 0 0 -383.981 495.368 1 
0.799375 0 0 0 0.001379 12.9533 -718.142 0 0 0 -383.981 0 0 0 -383.981 495.368 1 
0.800625 0 0 0 0.001379 12.9533 -718.142 0 0 0 -383.981 0 0 0 -383.981 495.368 1 
0.801875 0 0 0 0.001379 12.9533 -718.142 0 0 0 -383.981 0 0 0 -383.981 495.368 1 
0.803125 0 0 0 0.001379 12.9533 -718.142 0 0 0 -383.981 0 0 0 -383.981 495.368 1 
0.804375 0 0 0 0.001379 12.9533 -718.142 0 0 0 -383.981 0 0 0 -383.981 495.368 1 
0.805625 0 0 0 0.001379 12.9533 -718.142 0 0 0 -383.981 0 0 0 -383.981 495.368 1 
0.806875 0 0 0 0.001379 12.9533 -718.142 0 0 0 -383.981 0 0 0 -383.981 495.368 1 
0.808125 0 0 0 0.001379 12.9533 -718.142 0 0 0 -383.981 0 0 0 -383.981 495.368 1 
0.809375 0 0 0 0.001379 12.9533 -718.142 0 0 0 -383.981 0 0 0 -383.981 495.368 1 
0.810625 0 0 0 0.001379 12.9533 -718.142 0 0 0 -383.981 0 0 0 -383.981 495.368 1 
0.811875 0 0 0 0.001379 12.9533 -718.142 0 0 0 -383.981 0 0 0 -383.981 495.368 1 
0.813125 0 0 0 0.001379 12.9533 -718.142 0 0 0 -383.981 0 0 0 -383.981 495.368 1 
0.814375 0 0 0 0.001379 12.9533 -718.142 0 0 0 -383.981 0 0 0 -383.981 495.368 1 
0.815625 0 0 0 0.001379 12.9533 -718.142 0 0 0 -383.981 0 0 0 -383.981 495.368 1 
0.816875 0 0 0 0.001379 12.9533 -718.142 0 0 0 -383.981 0 0 0 -383.981 495.368 1 
0.818125 0 0 0 0.001379 12.9533 -718.142 0 0 0 -383.981 0 0 0 -383.981 495.368 1 
0.819375 0 0 0 0.001379 12.9533 -718.142 0 0 0 -383.981 0 0 0 -383.981 495.368 1 
0.820625 0 0 0 0.001379 12.9533 -718.142 0 0 0 -383.981 0 0 0 -383.981 495.368 1 
0.821875 0 0 0 0.001379 12.9533 -718.142 0 0 0 -383.981 0 0 0 -383.981 495.368 1 
0.823125 0 0 0 0.001379 12.9533 -718.142 0 0 0 -383.981 0 0 0 -383.981 495.368 1 
0.824375 0 0 0 0.001379 12.9533 -718.142 0 0 0 -383.981 0 0 0 -383.981 495.368 1 
0.825625 0 0 0 0.001379 12.9533 -718.142 0 0 0 -383.981 0 0 0 -383.981 495.368 1 
0.826875 0 0 0 0.001379 12.9533 -718.142 0 0 0 -383.981 0 0 0 -383.981 495.368 1 
0.828125 0 0 0 0.001379 12.9533 -718.142 0 0 0 -383.981 0 0 0 -383.981 495.368 1 
0.829375 0 0 0 0.001379 12.9533 -718.142 0 0 0 -383.981 0 0 0 -383.981 495.368 1 
0.830625 0 0 0 0.001379 12.9533 -718.142 0 0 0 -383.981 0 0 0 -383.981 495.368 1 
0.831875 0 0 0 0.001379 12.9533 -718.142 0 0 0 -383.981 0 0 0 -383.981 495.368 1 
0.833125 -5 0 0 0 8.93 0 0 0 0 0 0 0 0 0 -0 1 
0.834375 -5 0 0 0 8.93 0 0 0 0 0 0 0 0 0 -0 1 
0.835625 -5 0 0 0 8.93 0 0 0 0 0 0 0 0 0 -0 1 
0.836875 -5 0 0 0 8.93 0 0 0 0 0 0 0 0 0 -0 1 
0.838125 -5 0 0 0 8.93 0 0 0 0 0 0 0 0 0 -0 1 
0.839375 -5 0 0 0 8.93 0 0 0 0 0 0 0 0 0 -0 1 
0.840625 -5 0 0 0 8.93 0 0 0 0 0 0 0 0 0 -0 1 
0.841875 -5 0 0 0 8.93 0 0 0 0 0 0 0 0 0 -0 1 
0.843125 -5 0 0 0 8.93 0 0 0 0 0 0 0 0 0 -0 1 
0.844375 -5 0 0 0 8.93 0 0 0 0 0 0 0 0 0 -0 1 
0.845625 -5 0 0 0 8.93 0 0 0 0 0 0 0 0 0 -0 1 
0.846875 -5 0 0 0 8.93 0 0 0 0 0 0 0 0 0 -0 1 
0.848125 -5 0 0 0 8.93 0 0 0 0 0 0 0 0 0 -0 1 
0.849375 -5 0 0 0 8.93 0 0 0 0 0 0 0 0 0 -0 1 
0.850625 -5 0 0 0 8.93 0 0 0 0 0 0 0 0 0 -0 1 
0.851875 -5 0 0 0 8.93 0 0 0 0 0 0 0 0 0 -0 1 
0.853125 -5 0 0 0 8.93 0 0 0 0 0 0 0 0 0 -0 1 
0.854375 -5 0 0 0 8.93 0 0 0 0 0 0 0 0 0 -0 1 
0.855625 -5 0 0 0 8.93 0 0 0 0 0 0 0 0 0 -0 1 
0.856875 -5 0 0 0 8.93 0 0 0 0 0 0 0 0 0 -0 1 
0.858125 -5 0 0 0 8.93 0 0 0 0 0 0 0 0 0 -0 1 
0.859375 -5 0 0 0 8.93 0 0 0 0 0 0 0 0 0 -0 1 
0.860625 -5 0 0 0 8.93 0 0 0 0 0 0 0 0 0 -0 1 
0.861875 -5 0 0 0 8.93 0 0 0 0 0 0 0 0 0 -0 1 
0.863125 -5 0 0 0 8.93 0 0 0 0 0 0 0 0 0 -0 1 
0.864375 -5 0 0 0 8.93 0 0 0 0 0 0 0 0 0 -0 1 
0.865625 -5 0 0 0 8.93 0 0 0 0 0 0 0 0 0 -0 1 
0.866875 -5 0 0 0 8.93 0 0 0 0 0 0 0 0 0 -0 1 
0.868125 -5 0 0 0 8.93 0 0 0 0 0 0 0 0 0 -0 1 
0.869375 -5 0 0 0 8.93 0 0 0 0 0 0 0 0 0 -0 1 
0.870625 -5 0 0 0 8.93 0 0 0 0 0 0 0 0 0 -0 1 
0.871875 -5 0 0 0 8.93 0 0 0 0 0 0 0 0 0 -0 1 
0.873125 -5 0 0 0 8.93 0 0 0 0 0 0 0 0 0 -0 1 
0.874375 -5 0 0 0 8.93 0 0 0 0 0 0 0 0 0 -0 1 
0.875625 -5 0 0 0 8.93 0 0 0 0 0 0 0 0 0 -0 1 
0.876875 -5 0 0 0 8.93 0 0 0 0 0 0 0 0 0 -0 1 
0.878125 -5 0 0 0 8.93 0 0 0 0 0 0 0 0 0 -0 1 
0.879375 -5 0 0 0 8.93 0 0 0 0 0 0 0 0 0 -0 1 
0.880625 -5 0 0 0 8.93 0 0 0 0 0 0 0 0 0 -0 1 
0.881875 -5 0 0 0 8.93 0 0 0 0 0 0 0 0 0 -0 1 
0.883125 -5 0 0 0 8.93 0 0 0 0 0 0 0 0 0 -0 1 
0.884375 -5 0 0 0 8.93 0 0 0 0 0 0 0 0 0 -0 1 
0.885625 -5 0 0 0 8.93 0 0 0 0 0 0 0 0 0 -0 1 
0.886875 -5 0 0 0 8.93 0 0 0 0 0 0 0 0 0 -0 1 
0.888125 -5 0 0 0 8.93 0 0 0 0 0 0 0 0 0 -0 1 
0.889375 -5 0 0 0 8.93 0 0 0 0 0 0 0 0 0 -0 1 
0.890625 -5 0 0 0 8.93 0 0 0 0 0 0 0 0 0 -0 1 
0.891875 -5 0 0 0 8.93 0 0 0 0 0 0 0 0 0 -0 1 
0.893125 -5 0 0 0 8.93 0 0 0 0 0 0 0 0 0 -0 1 
0.894375 -5 0 0 0 8.93 0 0 0 0 0 0 0 0 0 -0 1 
0.895625 -5 0 0 0 8.93 0 0 0 0 0 0 0 0 0 -0 1 
0.896875 -5 0 0 0 8.93 0 0 0 0 0 0 0 0 0 -0 1 
0.898125 -5 0 0 0 8.93 0 0 0 0 0 0 0 0 0 -0 1 
0.899375 -5 0 0 0 8.93 0 0 0 0 0 0 0 0 0 -0 1 
0.900625 -5 0 0 0 8.93 0 0 0 0 0 0 0 0 0 -0 1 
0.901875 -5 0 0 0 8.93 0 0 0 0 0 0 0 0 0 -0 1 
0.903125 -5 0 0 0 8.93 0 0 0 0 0 0 0 0 0 -0 1 
0.904375 -5 0 0 0 8.93 0 0 0 0 0 0 0 0 0 -0 1 
0.905625 -5 0 0 0 8.93 0 0 0 0 0 0 0 0 0 -0 1 
0.906875 -5 0 0 0 8.93 0 0 0 0 0 0 0 0 0 -0 1 
0.908125 -5 0 0 0 8.93 0 0 0 0 0 0 0 0 0 -0 1 
0.909375 -5 0 0 0 8.93 0 0 0 0 0 0 0 0 0 -0 1 
0.910625 -5 0 0 0 8.93 0 0 0 0 0 0 0 0 0 -0 1 
0.911875 -5 0 0 0 8.93 0 0 0 0 0 0 0 0 0 -0 1 
0.913125 -5 0 0 0 8.93 0 0 0 0 0 0 0 0 0 -0 1 
0.914375 -5 0 0 0 8.93 0 0 0 0 0 0 0 0 0 -0 1 
0.915625 -5 0 0 0 8.93 0 0 0 0 0 0 0 0 0 -0 1 
0.916875 -5 0 0 0 8.93 0 0 0 0 0 0 0 0 0 -0 1 
0.918125 -5 0 0 0 8.93 0 0 0 0 0 0 0 0 0 -0 1 
0.919375 -5 0 0 0 8.93 0 0 0 0 0 0 0 0 0 -0 1 
0.920625 -5 0 0 0 8.93 0 0 0 0 0 0 0 0 0 -0 1 
0.921875 -5 0 0 0 8.93 0 0 0 0 0 0 0 0 0 -0 1 
0.923125 -5 0 0 0 8.93 0 0 0 0 0 0 0 0 0 -0 1 
0.924375 -5 0 0 0 8.93 0 0 0 0 0 0 0 0 0 -0 1 
0.925625 -5 0 0 0 8.93 0 0 0 0 0 0 0 0 0 -0 1 
0.926875 -5 0 0 0 8.93 0 0 0 0 0 0 0 0 0 -0 1 
0.928125 -5 0 0 0 8.93 0 0 0 0 0 0 0 0 0 -0 1 
0.929375 -5 0 0 0 8.93 0 0 0 0 0 0 0 0 0 -0 1 
0.930625 -5 0 0 0 8.93 0 0 0 0 0 0 0 0 0 -0 1 
0.931875 -5 0 0 0 8.93 0 0 0 0 0 0 0 0 0 -0 1 
0.933125 -5 0 0 0 8.93 0 0 0 0 0 0 0 0 0 -0 1 
0.934375 -5 0 0 0 8.93 0 0 0 0 0 0 0 0 0 -0 1 
0.935625 -5 0 0 0 8.93 0 0 0 0 0 0 0 0 0 -0 1 
0.936875 -5 0 0 0 8.93 0 0 0 0 0 0 0 0 0 -0 1 
0.938125 -5 0 0 0 8.93 0 0 0 0 0 0 0 0 0 -0 1 
0.939375 -5 0 0 0 8.93 0 0 0 0 0 0 0 0 0 -0 1 
0.940625 -5 0 0 0 8.93 0 0 0 0 0 0 0 0 0 -0 1 
0.941875 -5 0 0 0 8.93 0 0 0 0 0 0 0 0 0 -0 1 
0.943125 -5 0 0 0 8.93 0 0 0 0 0 0 0 0 0 -0 1 
0.944375 -5 0 0 0 8.93 0 0 0 0 0 0 0 0 0 -0 1 
0.945625 -5 0 0 0 8.93 0 0 0 0 0 0 0 0 0 -0 1 
0.946875 -5 0 0 0 8.93 0 0 0 0 0 0 0 0 0 -0 1 
0.948125 -5 0 0 0 8.93 0 0 0 0 0 0 0 0 0 -0 1 
0.949375 -5 0 0 0 8.93 0 0 0 0 0 0 0 0 0 -0 1 
0.950625 -5 0 0 0 8.93 0 0 0 0 0 0 0 0 0 -0 1 
0.951875 -5 0 0 0 8.93 0 0 0 0 0 0 0 0 0 -0 1 
0.953125 -5 0 0 0 8.93 0 0 0 0 0 0 0 0 0 -0 1 
0.954375 -5 0 0 0 8.93 0 0 0 0 0 0 0 0 0 -0 1 
0.955625 -5 0 0 0 8.93 0 0 0 0 0 0 0 0 0 -0 1 
0.956875 -5 0 0 0 8.93 0 0 0 0 0 0 0 0 0 -0 1 
0.958125 -5 0 0 0 8.93 0 0 0 0 0 0 0 0 0 -0 1 
0.959375 -5 0 0 0 8.93 0 0 0 0 0 0 0 0 0 -0 1 
0.960625 -5 0 0 0 8.93 0 0 0 0 0 0 0 0 0 -0 1 
0.961875 -5 0 0 0 8.93 0 0 0 0 0 0 0 0 0 -0 1 
0.963125 -5 0 0 0 8.93 0 0 0 0 0 0 0 0 0 -0 1 
0.964375 -5 0 0 0 8.93 0 0 0 0 0 0 0 0 0 -0 1 
0.965625 -5 0 0 0 8.93 0 0 0 0 0 0 0 0 0 -0 1 
0.966875 -5 0 0 0 8.93 0 0 0 0 0 0 0 0 0 -0 1 
0.968125 -5 0 0 0 8.93 0 0 0 0 0 0 0 0 0 -0 1 
0.969375 -5 0 0 0 8.93 0 0 0 0 0 0 0 0 0 -0 1 
0.970625 -5 0 0 0 8.93 0 0 0 0 0 0 0 0 0 -0 1 
0.971875 -5 0 0 0 8.93 0 0 0 0 0 0 0 0 0 -0 1 
0.973125 -5 0 0 0 8.93 0 0 0 0 0 0 0 0 0 -0 1 
0.974375 -5 0 0 0 8.93 0 0 0 0 0 0 0 0 0 -0 1 
0.975625 -5 0 0 0 8.93 0 0 0 0 0 0 0 0 0 -0 1 
0.976875 -5 0 0 0 8.93 0 0 0 0 0 0 0 0 0 -0 1 
0.978125 -5 0 0 0 8.93 0 0 0 0 0 0 0 0 0 -0 1 
0.979375 -5 0 0 0 8.93 0 0 0 0 0 0 0 0 0 -0 1 
0.980625 -5 0 0 0 8.93 0 0 0 0 0 0 0 0 0 -0 1 
0.981875 -5 0 0 0 8.93 0 0 0 0 0 0 0 0 0 -0 1 
0.983125 -5 0 0 0 8.93 0 0 0 0 0 0 0 0 0 -0 1 
0.984375 -5 0 0 0 8.93 0 0 0 0 0 0 0 0 0 -0 1 
0.985625 -5 0 0 0 8.93 0 0 0 0 0 0 0 0 0 -0 1 
0.986875 -5 0 0 0 8.93 0 0 0 0 0 0 0 0 0 -0 1 
0.988125 -5 0 0 0 8.93 0 0 0 0 0 0 0 0 0 -0 1 
0.989375 -5 0 0 0 8.93 0 0 0 0 0 0 0 0 0 -0 1 
0.990625 -5 0 0 0 8.93 0 0 0 0 0 0 0 0 0 -0 1 
0.991875 -5 0 0 0 8.93 0 0 0 0 0 0 0 0 0 -0 1 
0.993125 -5 0 0 0 8.93 0 0 0 0 0 0 0 0 0 -0 1 
0.994375 -5 0 0 0 8.93 0 0 0 0 0 0 0 0 0 -0 1 
0.995625 -5 0 0 0 8.93 0 0 0 0 0 0 0 0 0 -0 1 
0.996875 -5 0 0 0 8.93 0 0 0 0 0 0 0 0 0 -0 1 
0.998125 -5 0 0 0 8.93 0 0 0 0 0 0 0 0 0 -0 1 
0.999375 -5 0 0 0 8.93 0 0 0 0 0 0 0 0 0 -0 1 
