0.00059375 -0.75 0 0 0 8.93 0 0 0 0 0 0 0 0 0 -0 1 
0.00184375 -0.75 0 0 0 8.93 0 0 0 0 0 0 0 0 0 -0 1 
0.00309375 -0.75 0 0 0 8.93 0 0 0 0 0 0 0 0 0 -0 1 
0.00434375 -0.75 0 0 0 8.93 0 0 0 0 0 0 0 0 0 -0 1 
0.00559375 -0.75 0 0 0 8.93 0 0 0 0 0 0 0 0 0 -0 1 
0.00684375 -0.75 0 0 0 8.93 0 0 0 0 0 0 0 0 0 -0 1 
0.00809375 -0.75 0 0 0 8.93 0 0 0 0 0 0 0 0 0 -0 1 
0.00934375 -0.75 0 0 0 8.93 0 0 0 0 0 0 0 0 0 -0 1 
0.0105938 -0.75 0 0 0 8.93 0 0 0 0 0 0 0 0 0 -0 1 
0.0118438 -0.75 0 0 0 8.93 0 0 0 0 0 0 0 0 0 -0 1 
0.0130937 -0.75 0 0 0 8.93 0 0 0 0 0 0 0 0 0 -0 1 
0.0143438 -0.75 0 0 0 8.93 0 0 0 0 0 0 0 0 0 -0 1 
0.0155937 -0.75 0 0 0 8.93 0 0 0 0 0 0 0 0 0 -0 1 
0.0168438 -0.75 0 0 0 8.93 0 0 0 0 0 0 0 0 0 -0 1 
0.0180937 -0.75 0 0 0 8.93 0 0 0 0 0 0 0 0 0 -0 1 
0.0193437 -0.75 0 0 0 8.93 0 0 0 0 0 0 0 0 0 -0 1 
0.0205938 -0.75 0 0 0 8.93 0 0 0 0 0 0 0 0 0 -0 1 
0.0218437 -0.75 0 0 0 8.93 0 0 0 0 0 0 0 0 0 -0 1 
0.0230937 -0.75 0 0 0 8.93 0 0 0 0 0 0 0 0 0 -0 1 
0.0243438 -0.75 0 0 0 8.93 0 0 0 0 0 0 0 0 0 -0 1 
0.0255937 -0.75 0 0 0 8.93 0 0 0 0 0 0 0 0 0 -0 1 
0.0268437 -0.75 0 0 0 8.93 0 0 0 0 0 0 0 0 0 -0 1 
0.0280938 -0.75 0 0 0 8.93 0 0 0 0 0 0 0 0 0 -0 1 
0.0293437 -0.75 0 0 0 8.93 0 0 0 0 0 0 0 0 0 -0 1 
0.0305937 -0.75 0 0 0 8.93 0 0 0 0 0 0 0 0 0 -0 1 
0.0318437 -0.75 0 0 0 8.93 0 0 0 0 0 0 0 0 0 -0 1 
0.0330937 -0.75 0 0 0 8.93 0 0 0 0 0 0 0 0 0 -0 1 
0.0343437 -0.75 0 0 0 8.93 0 0 0 0 0 0 0 0 0 -0 1 
0.0355938 -0.75 0 0 0 8.93 0 0 0 0 0 0 0 0 0 -0 1 
0.0368438 -0.75 0 0 0 8.93 0 0 0 0 0 0 0 0 0 -0 1 
0.0380938 -0.75 0 0 0 8.93 0 0 0 0 0 0 0 0 0 -0 1 
0.0393437 -0.75 0 0 0 8.93 0 0 0 0 0 0 0 0 0 -0 1 
0.0405937 -0.75 0 0 0 8.93 0 0 0 0 0 0 0 0 0 -0 1 
0.0418437 -0.75 0 0 0 8.93 0 0 0 0 0 0 0 0 0 -0 1 
0.0430938 -0.75 0 0 0 8.93 0 0 0 0 0 0 0 0 0 -0 1 
0.0443438 -0.75 0 0 0 8.93 0 0 0 0 0 0 0 0 0 -0 1 
0.0455938 -0.75 0 0 0 8.93 0 0 0 0 0 0 0 0 0 -0 1 
0.0468438 -0.75 0 0 0 8.93 0 0 0 0 0 0 0 0 0 -0 1 
0.0480937 -0.75 0 0 0 8.93 0 0 0 0 0 0 0 0 0 -0 1 
0.0493437 -0.75 0 0 0 8.93 0 0 0 0 0 0 0 0 0 -0 1 
0.0505937 -0.75 0 0 0 8.93 0 0 0 0 0 0 0 0 0 -0 1 
0.0518438 -0.75 0 0 0 8.93 0 0 0 0 0 0 0 0 0 -0 1 
0.0530938 -0.75 0 0 0 8.93 0 0 0 0 0 0 0 0 0 -0 1 
0.0543438 -0.75 0 0 0 8.93 0 0 0 0 0 0 0 0 0 -0 1 
0.0555937 -0.75 0 0 0 8.93 0 0 0 0 0 0 0 0 0 -0 1 
0.0568437 -0.75 0 0 0 8.93 0 0 0 0 0 0 0 0 0 -0 1 
0.0580937 -0.75 0 0 0 8.93 0 0 0 0 0 0 0 0 0 -0 1 
0.0593438 -0.75 0 0 0 8.93 0 0 0 0 0 0 0 0 0 -0 1 
0.0605938 -0.75 0 0 0 8.93 0 0 0 0 0 0 0 0 0 -0 1 
0.0618438 -0.75 0 0 0 8.93 0 0 0 0 0 0 0 0 0 -0 1 
0.0630938 -0.75 0 0 0 8.93 0 0 0 0 0 0 0 0 0 -0 1 
0.0643438 -0.75 0 0 0 8.93 0 0 0 0 0 0 0 0 0 -0 1 
0.0655938 -0.75 0 0 0 8.93 0 0 0 0 0 0 0 0 0 -0 1 
0.0668437 -0.75 0 0 0 8.93 0 0 0 0 0 0 0 0 0 -0 1 
0.0680937 -0.75 0 0 0 8.93 0 0 0 0 0 0 0 0 0 -0 1 
0.0693437 -0.75 0 0 0 8.93 0 0 0 0 0 0 0 0 0 -0 1 
0.0705937 -0.75 0 0 0 8.93 0 0 0 0 0 0 0 0 0 -0 1 
0.0718437 -0.75 0 0 0 8.93 0 0 0 0 0 0 0 0 0 -0 1 
0.0730937 -0.75 0 0 0 8.93 0 0 0 0 0 0 0 0 0 -0 1 
0.0743438 -0.75 0 0 0 8.93 0 0 0 0 0 0 0 0 0 -0 1 
0.0755938 -0.75 0 0 0 8.93 0 0 0 0 0 0 0 0 0 -0 1 
0.0768438 -0.75 0 0 0 8.93 0 0 0 0 0 0 0 0 0 -0 1 
0.0780938 -0.75 0 0 0 8.93 0 0 0 0 0 0 0 0 0 -0 1 
0.0793438 -0.75 0 0 0 8.93 0 0 0 0 0 0 0 0 0 -0 1 
0.0805938 -0.75 0 0 0 8.93 0 0 0 0 0 0 0 0 0 -0 1 
0.0818438 -0.75 0 0 0 8.93 0 0 0 0 0 0 0 0 0 -0 1 
0.0830937 -0.75 0 0 0 8.93 0 0 0 0 0 0 0 0 0 -0 1 
0.0843437 -0.75 0 0 0 8.93 1.68781e-13 0 0 0 1.05329e-13 0 0 0 1.05329e-13 -1.2648e-13 1 
0.0855937 -0.75 0 0 0 8.93 1.68781e-13 0 0 0 1.05329e-13 0 0 0 1.05329e-13 -1.2648e-13 1 
0.0868437 -0.75 0 0 0 8.93 1.68781e-13 0 0 0 1.05329e-13 0 0 0 1.05329e-13 -1.2648e-13 1 
0.0880937 -0.75 0 0 0 8.93 1.68781e-13 0 0 0 1.05329e-13 0 0 0 1.05329e-13 -1.2648e-13 1 
0.0893437 -0.75 0 0 0 8.93 1.68781e-13 0 0 0 1.05329e-13 0 0 0 1.05329e-13 -1.2648e-13 1 
0.0905938 -0.75 0 0 0 8.93 1.68781e-13 0 0 0 1.05329e-13 0 0 0 1.05329e-13 -1.2648e-13 1 
0.0918438 -0.75 0 0 0 8.93 1.68781e-13 0 0 0 1.05329e-13 0 0 0 1.05329e-13 -1.2648e-13 1 
0.0930938 -0.75 0 0 0 8.93 1.68781e-13 0 0 0 1.05329e-13 0 0 0 1.05329e-13 -1.2648e-13 1 
0.0943438 -0.75 0 0 0 8.93 1.68781e-13 0 0 0 1.05329e-13 0 0 0 1.05329e-13 -1.2648e-13 1 
0.0955938 -0.75 0 0 0 8.93 1.68781e-13 0 0 0 1.05329e-13 0 0 0 1.05329e-13 -1.2648e-13 1 
0.0968438 -0.75 0 0 0 8.93 1.68781e-13 0 0 0 1.05329e-13 0 0 0 1.05329e-13 -1.2648e-13 1 
0.0980937 -0.75 0 0 0 8.93 1.68781e-13 0 0 0 1.05329e-13 0 0 0 1.05329e-13 -1.2648e-13 1 
0.0993437 -0.75 0 0 0 8.93 1.68781e-13 0 0 0 1.05329e-13 0 0 0 1.05329e-13 -1.2648e-13 1 
0.100594 -0.75 0 0 0 8.93 1.68781e-13 0 0 0 1.05329e-13 0 0 0 1.05329e-13 -1.2648e-13 1 
0.101844 -0.75 0 0 0 8.93 1.68781e-13 0 0 0 1.05329e-13 0 0 0 1.05329e-13 -1.2648e-13 1 
0.103094 -0.75 0 0 0 8.93 1.68781e-13 0 0 0 1.05329e-13 0 0 0 1.05329e-13 -1.2648e-13 1 
0.104344 -0.75 0 0 0 8.93 1.68781e-13 0 0 0 1.05329e-13 0 0 0 1.05329e-13 -1.2648e-13 1 
0.105594 -0.75 0 0 0 8.93 1.68781e-13 0 0 0 1.05329e-13 0 0 0 1.05329e-13 -1.2648e-13 1 
0.106844 -0.75 0 0 0 8.93 1.68781e-13 0 0 0 1.05329e-13 0 0 0 1.05329e-13 -1.2648e-13 1 
0.108094 -0.75 0 0 0 8.93 1.68781e-13 0 0 0 1.05329e-13 0 0 0 1.05329e-13 -1.2648e-13 1 
0.109344 -0.75 0 0 0 8.93 1.68781e-13 0 0 0 1.05329e-13 0 0 0 1.05329e-13 -1.2648e-13 1 
0.110594 -0.75 0 0 0 8.93 1.68781e-13 0 0 0 1.05329e-13 0 0 0 1.05329e-13 -1.2648e-13 1 
0.111844 -0.75 0 0 0 8.93 1.68781e-13 0 0 0 1.05329e-13 0 0 0 1.05329e-13 -1.2648e-13 1 
0.113094 -0.75 0 0 0 8.93 1.68781e-13 0 0 0 1.05329e-13 0 0 0 1.05329e-13 -1.2648e-13 1 
0.114344 -0.75 0 0 0 8.93 1.68781e-13 0 0 0 1.05329e-13 0 0 0 1.05329e-13 -1.2648e-13 1 
0.115594 -0.75 0 0 0 8.93 1.68781e-13 0 0 0 1.05329e-13 0 0 0 1.05329e-13 -1.2648e-13 1 
0.116844 -0.75 0 0 0 8.93 1.68781e-13 0 0 0 1.05329e-13 0 0 0 1.05329e-13 -1.2648e-13 1 
0.118094 -0.75 0 0 0 8.93 1.68781e-13 0 0 0 1.05329e-13 0 0 0 1.05329e-13 -1.2648e-13 1 
0.119344 -0.75 0 0 0 8.93 1.68781e-13 0 0 0 1.05329e-13 0 0 0 1.05329e-13 -1.2648e-13 1 
0.120594 -0.75 0 0 0 8.93 1.68781e-13 0 0 0 1.05329e-13 0 0 0 1.05329e-13 -1.2648e-13 1 
0.121844 -0.75 0 0 3.4639e-19 8.93 1.45104e-11 0 0 0 8.46669e-12 0 0 0 8.46669e-12 -1.04813e-11 1 
0.123094 -0.75 0 0 0 8.93 6.09087e-08 0 0 0 3.55205e-08 0 0 0 3.55205e-08 -4.39832e-08 1 
0.124344 -0.75 0 0 2.42473e-18 8.93 1.00408e-05 0 0 0 5.85558e-06 0 0 0 5.85558e-06 -7.25067e-06 1 
0.125594 -0.749365 0 0 8.14844e-13 8.92877 0.0260879 0 0 0 0.0152171 0 0 0 0.0152171 -0.0188407 1 
0.126844 -0.745786 0 0 1.53224e-12 8.92181 0.172733 0 0 0 0.100877 0 0 0 0.100877 -0.124829 1 
0.128094 -0.741994 0 0 1.57157e-12 8.91442 0.327529 0 0 0 0.191523 0 0 0 0.191523 -0.236859 1 
0.129344 -0.738183 0 0 1.58916e-12 8.90698 0.482502 0 0 0 0.282508 0 0 0 0.282508 -0.349172 1 
0.130594 -0.734366 0 0 1.60219e-12 8.89951 0.637131 0 0 0 0.373527 0 0 0 0.373527 -0.461395 1 
0.131844 -0.730545 0 0 1.61365e-12 8.89202 0.791279 0 0 0 0.4645 0 0 0 0.4645 -0.573426 1 
0.133094 -0.726723 0 0 1.62441e-12 8.8845 0.944892 0 0 0 0.555395 0 0 0 0.555395 -0.685228 1 
0.134344 -0.7229 0 0 1.63482e-12 8.87697 1.09794 0 0 0 0.646198 0 0 0 0.646198 -0.79678 1 
0.135594 -0.719076 0 0 1.64505e-12 8.86942 1.25042 0 0 0 0.736898 0 0 0 0.736898 -0.908072 1 
0.136844 -0.715251 0 0 1.65516e-12 8.86185 1.40231 0 0 0 0.827493 0 0 0 0.827493 -1.0191 1 
0.138094 -0.711426 0 0 1.66522e-12 8.85426 1.55362 0 0 0 0.917977 0 0 0 0.917977 -1.12986 1 
0.139344 -0.707601 0 0 1.67524e-12 8.84666 1.70433 0 0 0 1.00835 0 0 0 1.00835 -1.24034 1 
0.140594 -0.703775 0 0 1.68524e-12 8.83904 1.85445 0 0 0 1.09861 0 0 0 1.09861 -1.35055 1 
0.141844 -0.69995 0 0 1.69525e-12 8.83139 2.00397 0 0 0 1.18875 0 0 0 1.18875 -1.46049 1 
0.143094 -0.696124 0 0 1.70525e-12 8.82373 2.15289 0 0 0 1.27877 0 0 0 1.27877 -1.57015 1 
0.144344 -0.692298 0 0 1.71527e-12 8.81606 2.30121 0 0 0 1.36868 0 0 0 1.36868 -1.67953 1 
0.145594 -0.688472 0 0 1.72528e-12 8.80836 2.44894 0 0 0 1.45847 0 0 0 1.45847 -1.78863 1 
0.146844 -0.684645 0 0 1.73532e-12 8.80065 2.59606 0 0 0 1.54814 0 0 0 1.54814 -1.89745 1 
0.148094 -0.680819 0 0 1.74538e-12 8.79292 2.74259 0 0 0 1.6377 0 0 0 1.6377 -2.00599 1 
0.149344 -0.676993 0 0 1.75545e-12 8.78517 2.88851 0 0 0 1.72713 0 0 0 1.72713 -2.11426 1 
0.150594 -0.673167 0 0 1.76553e-12 8.7774 3.03384 0 0 0 1.81644 0 0 0 1.81644 -2.22224 1 
0.151844 -0.669341 0 0 1.77565e-12 8.76961 3.17856 0 0 0 1.90563 0 0 0 1.90563 -2.32994 1 
0.153094 -0.665515 0 0 1.78579e-12 8.76181 3.32268 0 0 0 1.9947 0 0 0 1.9947 -2.43736 1 
0.154344 -0.661689 0 0 1.79595e-12 8.75399 3.4662 0 0 0 2.08365 0 0 0 2.08365 -2.5445 1 
0.155594 -0.657863 0 0 1.80614e-12 8.74614 3.60912 0 0 0 2.17248 0 0 0 2.17248 -2.65136 1 
0.156844 -0.654037 0 0 1.81636e-12 8.73828 3.75144 0 0 0 2.26118 0 0 0 2.26118 -2.75793 1 
0.158094 -0.650211 0 0 1.82661e-12 8.73041 3.89315 0 0 0 2.34976 0 0 0 2.34976 -2.86422 1 
0.159344 -0.646386 0 0 1.8369e-12 8.72251 4.03427 0 0 0 2.43821 0 0 0 2.43821 -2.97023 1 
0.160594 -0.642561 0 0 1.84722e-12 8.71459 4.17478 0 0 0 2.52655 0 0 0 2.52655 -3.07596 1 
0.161844 -0.638735 0 0 1.85756e-12 8.70666 4.31469 0 0 0 2.61475 0 0 0 2.61475 -3.1814 1 
0.163094 -0.63491 0 0 1.86794e-12 8.6987 4.454 0 0 0 2.70284 0 0 0 2.70284 -3.28656 1 
0.164344 -0.631086 0 0 1.87835e-12 8.69073 4.59271 0 0 0 2.79079 0 0 0 2.79079 -3.39143 1 
0.165594 -0.627261 0 0 1.88879e-12 8.68274 4.73081 0 0 0 2.87862 0 0 0 2.87862 -3.49602 1 
0.166844 -0.623437 0 0 1.89927e-12 8.67473 4.86832 0 0 0 2.96633 0 0 0 2.96633 -3.60033 1 
0.168094 -0.619613 0 0 1.90978e-12 8.6667 5.00522 0 0 0 3.05391 0 0 0 3.05391 -3.70434 1 
0.169344 -0.615789 0 0 1.92031e-12 8.65865 5.14152 0 0 0 3.14136 0 0 0 3.14136 -3.80808 1 
0.170594 -0.611966 0 0 1.93089e-12 8.65058 5.27722 0 0 0 3.22868 0 0 0 3.22868 -3.91153 1 
0.171844 -0.608142 0 0 1.94149e-12 8.64249 5.41232 0 0 0 3.31587 0 0 0 3.31587 -4.01469 1 
0.173094 -0.60432 0 0 1.95213e-12 8.63438 5.54681 0 0 0 3.40294 0 0 0 3.40294 -4.11756 1 
0.174344 -0.600497 0 0 1.96282e-12 8.62625 5.6807 0 0 0 3.48987 0 0 0 3.48987 -4.22015 1 
0.175594 -0.596675 0 0 1.97354e-12 8.6181 5.81399 0 0 0 3.57668 0 0 0 3.57668 -4.32245 1 
0.176844 -0.592854 0 0 1.98428e-12 8.60994 5.94668 0 0 0 3.66335 0 0 0 3.66335 -4.42446 1 
0.178094 -0.589032 0 0 1.99508e-12 8.60175 6.07877 0 0 0 3.7499 0 0 0 3.7499 -4.52619 1 
0.179344 -0.585212 0 0 2.00593e-12 8.59354 6.21025 0 0 0 3.83631 0 0 0 3.83631 -4.62762 1 
0.180594 -0.581391 0 0 2.01681e-12 8.58532 6.34113 0 0 0 3.92259 0 0 0 3.92259 -4.72877 1 
0.181844 -0.577571 0 0 2.02773e-12 8.57707 6.47141 0 0 0 4.00874 0 0 0 4.00874 -4.82963 1 
0.183094 -0.573752 0 0 2.0387e-12 8.5688 6.60109 0 0 0 4.09475 0 0 0 4.09475 -4.9302 1 
0.184344 -0.569933 0 0 2.04971e-12 8.56051 6.73017 0 0 0 4.18063 0 0 0 4.18063 -5.03048 1 
0.185594 -0.566115 0 0 2.06076e-12 8.55221 6.85864 0 0 0 4.26638 0 0 0 4.26638 -5.13047 1 
0.186844 -0.562297 0 0 2.07186e-12 8.54388 6.98651 0 0 0 4.35199 0 0 0 4.35199 -5.23016 1 
0.188094 -0.55848 0 0 2.08299e-12 8.53553 7.11378 0 0 0 4.43746 0 0 0 4.43746 -5.32957 1 
0.189344 -0.554664 0 0 2.09417e-12 8.52716 7.24044 0 0 0 4.5228 0 0 0 4.5228 -5.42868 1 
0.190594 -0.550848 0 0 2.10539e-12 8.51877 7.3665 0 0 0 4.608 0 0 0 4.608 -5.5275 1 
0.191844 -0.547033 0 0 2.11665e-12 8.51036 7.49196 0 0 0 4.69307 0 0 0 4.69307 -5.62603 1 
0.193094 -0.543219 0 0 2.12796e-12 8.50193 7.61682 0 0 0 4.77799 0 0 0 4.77799 -5.72427 1 
0.194344 -0.539405 0 0 2.13932e-12 8.49347 7.74107 0 0 0 4.86278 0 0 0 4.86278 -5.82221 1 
0.195594 -0.535592 0 0 2.15073e-12 8.485 7.86472 0 0 0 4.94742 0 0 0 4.94742 -5.91985 1 
0.196844 -0.53178 0 0 2.16218e-12 8.47651 7.98777 0 0 0 5.03192 0 0 0 5.03192 -6.01721 1 
0.198094 -0.527969 0 0 2.17369e-12 8.46799 8.11022 0 0 0 5.11629 0 0 0 5.11629 -6.11426 1 
0.199344 -0.524158 0 0 2.18525e-12 8.45946 8.23206 0 0 0 5.20051 0 0 0 5.20051 -6.21102 1 
0.200594 -0.520349 0 0 2.19687e-12 8.4509 8.3533 0 0 0 5.28459 0 0 0 5.28459 -6.30749 1 
0.201844 -0.51654 0 0 2.20854e-12 8.44232 8.47393 0 0 0 5.36852 0 0 0 5.36852 -6.40366 1 
0.203094 -0.512732 0 0 2.22027e-12 8.43372 8.59396 0 0 0 5.45231 0 0 0 5.45231 -6.49953 1 
0.204344 -0.508925 0 0 2.23205e-12 8.4251 8.71339 0 0 0 5.53595 0 0 0 5.53595 -6.5951 1 
0.205594 -0.50512 0 0 2.24389e-12 8.41645 8.83221 0 0 0 5.61945 0 0 0 5.61945 -6.69037 1 
0.206844 -0.501315 0 0 2.25578e-12 8.40779 8.95043 0 0 0 5.7028 0 0 0 5.7028 -6.78534 1 
0.208094 -0.497511 0 0 2.26773e-12 8.3991 9.06804 0 0 0 5.786 0 0 0 5.786 -6.88002 1 
0.209344 -0.493709 0 0 2.27973e-12 8.39039 9.18505 0 0 0 5.86906 0 0 0 5.86906 -6.97439 1 
0.210594 -0.489907 0 0 2.2918e-12 8.38166 9.30146 0 0 0 5.95196 0 0 0 5.95196 -7.06846 1 
0.211844 -0.486107 0 0 2.30392e-12 8.37291 9.41726 0 0 0 6.03471 0 0 0 6.03471 -7.16223 1 
0.213094 -0.482308 0 0 2.3161e-12 8.36413 9.53246 0 0 0 6.11732 0 0 0 6.11732 -7.2557 1 
0.214344 -0.47851 0 0 2.32834e-12 8.35534 9.64705 0 0 0 6.19977 0 0 0 6.19977 -7.34886 1 
0.215594 -0.474714 0 0 2.34064e-12 8.34652 9.76104 0 0 0 6.28206 0 0 0 6.28206 -7.44172 1 
0.216844 -0.470918 0 0 2.35301e-12 8.33768 9.87442 0 0 0 6.3642 0 0 0 6.3642 -7.53427 1 
0.218094 -0.467124 0 0 2.36545e-12 8.32882 9.98719 0 0 0 6.44619 0 0 0 6.44619 -7.62652 1 
0.219344 -0.463332 0 0 2.37796e-12 8.31993 10.0994 0 0 0 6.52802 0 0 0 6.52802 -7.71847 1 
0.220594 -0.459541 0 0 2.39054e-12 8.31102 10.2109 0 0 0 6.60969 0 0 0 6.60969 -7.8101 1 
0.221844 -0.455751 0 0 2.4032e-12 8.30209 10.3219 0 0 0 6.6912 0 0 0 6.6912 -7.90143 1 
0.223094 -0.451963 0 0 2.41592e-12 8.29314 10.4322 0 0 0 6.77256 0 0 0 6.77256 -7.99245 1 
0.224344 -0.448177 0 0 2.42873e-12 8.28417 10.542 0 0 0 6.85375 0 0 0 6.85375 -8.08316 1 
0.225594 -0.444392 0 0 2.4416e-12 8.27517 10.6511 0 0 0 6.93478 0 0 0 6.93478 -8.17356 1 
0.226844 -0.440609 0 0 2.45455e-12 8.26615 10.7597 0 0 0 7.01565 0 0 0 7.01565 -8.26365 1 
0.228094 -0.436828 0 0 2.46757e-12 8.2571 10.8676 0 0 0 7.09635 0 0 0 7.09635 -8.35343 1 
0.229344 -0.433048 0 0 2.48064e-12 8.24804 10.9749 0 0 0 7.17689 0 0 0 7.17689 -8.4429 1 
0.230594 -0.42927 0 0 2.49382e-12 8.23895 11.0816 0 0 0 7.25727 0 0 0 7.25727 -8.53205 1 
0.231844 -0.425494 0 0 2.50705e-12 8.22984 11.1877 0 0 0 7.33747 0 0 0 7.33747 -8.62088 1 
0.233094 -0.42172 0 0 2.52035e-12 8.2207 11.2932 0 0 0 7.41751 0 0 0 7.41751 -8.70941 1 
0.234344 -0.417947 0 0 2.53374e-12 8.21154 11.3981 0 0 0 7.49738 0 0 0 7.49738 -8.79761 1 
0.235594 -0.414177 0 0 2.54721e-12 8.20236 11.5024 0 0 0 7.57707 0 0 0 7.57707 -8.8855 1 
0.236844 -0.410409 0 0 2.56077e-12 8.19316 11.606 0 0 0 7.65659 0 0 0 7.65659 -8.97308 1 
0.238094 -0.406643 0 0 2.5744e-12 8.18393 11.7091 0 0 0 7.73594 0 0 0 7.73594 -9.06033 1 
0.239344 -0.402879 0 0 2.58814e-12 8.17468 11.8115 0 0 0 7.81512 0 0 0 7.81512 -9.14726 1 
0.240594 -0.399118 0 0 2.60196e-12 8.1654 11.9134 0 0 0 7.89412 0 0 0 7.89412 -9.23387 1 
0.241844 -0.395358 0 0 2.61587e-12 8.15611 12.0146 0 0 0 7.97294 0 0 0 7.97294 -9.32016 1 
0.243094 -0.391601 0 0 2.62987e-12 8.14679 12.1152 0 0 0 8.05158 0 0 0 8.05158 -9.40613 1 
0.244344 -0.387847 0 0 2.64397e-12 8.13744 12.2152 0 0 0 8.13004 0 0 0 8.13004 -9.49177 1 
0.245594 -0.384094 0 0 2.65817e-12 8.12807 12.3146 0 0 0 8.20831 0 0 0 8.20831 -9.57709 1 
0.246844 -0.380345 0 0 2.67246e-12 8.11868 12.4134 0 0 0 8.28641 0 0 0 8.28641 -9.66209 1 
0.248094 -0.376598 0 0 2.68684e-12 8.10927 12.5116 0 0 0 8.36432 0 0 0 8.36432 -9.74675 1 
0.249344 -0.372853 0 0 2.70132e-12 8.09983 12.6092 0 0 0 8.44204 0 0 0 8.44204 -9.83109 1 
0.250544 -0.369261 0 0 2.71533e-12 8.09074 12.7023 0 0 0 8.51648 0 0 0 8.51648 -9.91174 1 
0.251794 -0.365522 0 0 2.73002e-12 8.08126 12.7986 0 0 0 8.59383 0 0 0 8.59383 -9.99543 1 
0.253044 -0.361786 0 0 2.74481e-12 8.07175 12.8944 0 0 0 8.671 0 0 0 8.671 -10.0788 1 
0.254294 -0.358053 0 0 2.75971e-12 8.06221 12.9895 0 0 0 8.74797 0 0 0 8.74797 -10.1618 1 
0.255544 -0.354322 0 0 2.77472e-12 8.05266 13.0841 0 0 0 8.82474 0 0 0 8.82474 -10.2445 1 
0.256794 -0.350595 0 0 2.78984e-12 8.04308 13.178 0 0 0 8.90132 0 0 0 8.90132 -10.3269 1 
0.258044 -0.346871 0 0 2.8051e-12 8.03347 13.2713 0 0 0 8.97771 0 0 0 8.97771 -10.4089 1 
0.259294 -0.34315 0 0 2.82049e-12 8.02384 13.364 0 0 0 9.05389 0 0 0 9.05389 -10.4906 1 
0.260544 -0.339433 0 0 2.83599e-12 8.01419 13.456 0 0 0 9.12987 0 0 0 9.12987 -10.5719 1 
0.261794 -0.335719 0 0 2.85161e-12 8.00451 13.5475 0 0 0 9.20566 0 0 0 9.20566 -10.6529 1 
0.263044 -0.332008 0 0 2.86737e-12 7.99481 13.6383 0 0 0 9.28123 0 0 0 9.28123 -10.7336 1 
0.264294 -0.328301 0 0 2.88327e-12 7.98509 13.7285 0 0 0 9.3566 0 0 0 9.3566 -10.8139 1 
0.265544 -0.324597 0 0 2.8993e-12 7.97534 13.8181 0 0 0 9.43177 0 0 0 9.43177 -10.8939 1 
0.266794 -0.320897 0 0 2.91547e-12 7.96557 13.9071 0 0 0 9.50672 0 0 0 9.50672 -10.9735 1 
0.268044 -0.317201 0 0 2.93177e-12 7.95577 13.9955 0 0 0 9.58146 0 0 0 9.58146 -11.0528 1 
0.269294 -0.313509 0 0 2.94822e-12 7.94595 14.0833 0 0 0 9.65599 0 0 0 9.65599 -11.1318 1 
0.270544 -0.309821 0 0 2.96483e-12 7.93611 14.1704 0 0 0 9.73031 0 0 0 9.73031 -11.2103 1 
0.271794 -0.306136 0 0 2.98158e-12 7.92624 14.2569 0 0 0 9.8044 0 0 0 9.8044 -11.2886 1 
0.273044 -0.302456 0 0 2.9985e-12 7.91635 14.3428 0 0 0 9.87828 0 0 0 9.87828 -11.3665 1 
0.274294 -0.29878 0 0 3.01557e-12 7.90643 14.4281 0 0 0 9.95194 0 0 0 9.95194 -11.444 1 
0.275544 -0.295109 0 0 3.03281e-12 7.89649 14.5128 0 0 0 10.0254 0 0 0 10.0254 -11.5212 1 
0.276794 -0.291442 0 0 3.05022e-12 7.88653 14.5968 0 0 0 10.0986 0 0 0 10.0986 -11.598 1 
0.278044 -0.287779 0 0 3.06781e-12 7.87654 14.6803 0 0 0 10.1716 0 0 0 10.1716 -11.6745 1 
0.279294 -0.284122 0 0 3.08559e-12 7.86653 14.7631 0 0 0 10.2443 0 0 0 10.2443 -11.7506 1 
0.280544 -0.280468 0 0 3.10355e-12 7.85649 14.8453 0 0 0 10.3168 0 0 0 10.3168 -11.8263 1 
0.281794 -0.27682 0 0 3.12171e-12 7.84643 14.9268 0 0 0 10.3891 0 0 0 10.3891 -11.9017 1 
0.283044 -0.273177 0 0 3.14006e-12 7.83635 15.0078 0 0 0 10.4612 0 0 0 10.4612 -11.9767 1 
0.284294 -0.269539 0 0 3.15861e-12 7.82624 15.0881 0 0 0 10.533 0 0 0 10.533 -12.0514 1 
0.285544 -0.265906 0 0 3.17737e-12 7.81611 15.1678 0 0 0 10.6046 0 0 0 10.6046 -12.1256 1 
0.286794 -0.262278 0 0 3.19634e-12 7.80596 15.2469 0 0 0 10.6759 0 0 0 10.6759 -12.1996 1 
0.288044 -0.258655 0 0 3.21552e-12 7.79578 15.3253 0 0 0 10.747 0 0 0 10.747 -12.2731 1 
0.289294 -0.255039 0 0 3.23492e-12 7.78558 15.4032 0 0 0 10.8178 0 0 0 10.8178 -12.3463 1 
0.290544 -0.251427 0 0 3.25457e-12 7.77536 15.4804 0 0 0 10.8884 0 0 0 10.8884 -12.4191 1 
0.291794 -0.247822 0 0 3.27444e-12 7.76511 15.557 0 0 0 10.9588 0 0 0 10.9588 -12.4915 1 
0.293044 -0.244222 0 0 3.29456e-12 7.75484 15.6329 0 0 0 11.0289 0 0 0 11.0289 -12.5635 1 
0.294294 -0.240629 0 0 3.31493e-12 7.74454 15.7083 0 0 0 11.0987 0 0 0 11.0987 -12.6352 1 
0.295544 -0.237042 0 0 3.33557e-12 7.73423 15.783 0 0 0 11.1683 0 0 0 11.1683 -12.7065 1 
0.296794 -0.233461 0 0 3.35647e-12 7.72388 15.857 0 0 0 11.2376 0 0 0 11.2376 -12.7774 1 
0.298044 -0.229886 0 0 3.37767e-12 7.71352 15.9305 0 0 0 11.3066 0 0 0 11.3066 -12.8479 1 
0.299294 -0.226318 0 0 3.39914e-12 7.70313 16.0033 0 0 0 11.3754 0 0 0 11.3754 -12.9181 1 
0.300544 -0.222757 0 0 3.42091e-12 7.69273 16.0755 0 0 0 11.4439 0 0 0 11.4439 -12.9878 1 
0.301794 -0.219202 0 0 3.44299e-12 7.68229 16.1471 0 0 0 11.5122 0 0 0 11.5122 -13.0572 1 
0.303044 -0.215655 0 0 3.46538e-12 7.67184 16.2181 0 0 0 11.5801 0 0 0 11.5801 -13.1261 1 
0.304294 -0.212114 0 0 3.48808e-12 7.66136 16.2884 0 0 0 11.6478 0 0 0 11.6478 -13.1947 1 
0.305544 -0.208581 0 0 3.51113e-12 7.65087 16.3581 0 0 0 11.7153 0 0 0 11.7153 -13.2629 1 
0.306794 -0.205055 0 0 3.5345e-12 7.64035 16.4272 0 0 0 11.7824 0 0 0 11.7824 -13.3306 1 
0.308044 -0.201537 0 0 3.55824e-12 7.6298 16.4956 0 0 0 11.8492 0 0 0 11.8492 -13.398 1 
0.309294 -0.198027 0 0 3.58234e-12 7.61924 16.5634 0 0 0 11.9158 0 0 0 11.9158 -13.465 1 
0.310544 -0.194524 0 0 3.60682e-12 7.60865 16.6306 0 0 0 11.9821 0 0 0 11.9821 -13.5316 1 
0.311794 -0.19103 0 0 3.63168e-12 7.59805 16.6971 0 0 0 12.0481 0 0 0 12.0481 -13.5978 1 
0.313044 -0.187544 0 0 3.65697e-12 7.58742 16.7631 0 0 0 12.1137 0 0 0 12.1137 -13.6635 1 
0.314294 -0.184066 0 0 3.68265e-12 7.57677 16.8284 0 0 0 12.1791 0 0 0 12.1791 -13.7289 1 
0.315544 -0.180597 0 0 3.70878e-12 7.5661 16.893 0 0 0 12.2442 0 0 0 12.2442 -13.7938 1 
0.316794 -0.177137 0 0 3.73535e-12 7.55541 16.9571 0 0 0 12.309 0 0 0 12.309 -13.8584 1 
0.318044 -0.173685 0 0 3.76239e-12 7.5447 17.0205 0 0 0 12.3735 0 0 0 12.3735 -13.9225 1 
0.319294 -0.170243 0 0 3.78992e-12 7.53397 17.0832 0 0 0 12.4377 0 0 0 12.4377 -13.9862 1 
0.320544 -0.16681 0 0 3.81794e-12 7.52322 17.1454 0 0 0 12.5015 0 0 0 12.5015 -14.0495 1 
0.321794 -0.163386 0 0 3.84647e-12 7.51245 17.2069 0 0 0 12.5651 0 0 0 12.5651 -14.1123 1 
0.323044 -0.159972 0 0 3.87552e-12 7.50166 17.2677 0 0 0 12.6283 0 0 0 12.6283 -14.1748 1 
0.324294 -0.156568 0 0 3.90513e-12 7.49085 17.328 0 0 0 12.6912 0 0 0 12.6912 -14.2368 1 
0.325544 -0.153174 0 0 3.93528e-12 7.48002 17.3876 0 0 0 12.7538 0 0 0 12.7538 -14.2984 1 
0.326794 -0.14979 0 0 3.96604e-12 7.46917 17.4466 0 0 0 12.816 0 0 0 12.816 -14.3595 1 
0.328044 -0.146417 0 0 3.99739e-12 7.45831 17.5049 0 0 0 12.8779 0 0 0 12.8779 -14.4203 1 
0.329294 -0.143054 0 0 4.02939e-12 7.44742 17.5626 0 0 0 12.9395 0 0 0 12.9395 -14.4806 1 
0.330544 -0.139702 0 0 4.06203e-12 7.43652 17.6197 0 0 0 13.0008 0 0 0 13.0008 -14.5404 1 
0.331794 -0.136361 0 0 4.09535e-12 7.42561 17.6762 0 0 0 13.0617 0 0 0 13.0617 -14.5999 1 
0.333044 -0.133032 0 0 4.12938e-12 7.41467 17.732 0 0 0 13.1223 0 0 0 13.1223 -14.6589 1 
0.334294 -0.129714 0 0 4.16413e-12 7.40372 17.7872 0 0 0 13.1825 0 0 0 13.1825 -14.7174 1 
0.335544 -0.126408 0 0 4.19965e-12 7.39275 17.8417 0 0 0 13.2424 0 0 0 13.2424 -14.7755 1 
0.336794 -0.123113 0 0 4.23594e-12 7.38177 17.8957 0 0 0 13.3019 0 0 0 13.3019 -14.8332 1 
0.338044 -0.119831 0 0 4.27306e-12 7.37077 17.949 0 0 0 13.3611 0 0 0 13.3611 -14.8904 1 
0.339294 -0.116562 0 0 4.311e-12 7.35976 18.0016 0 0 0 13.4199 0 0 0 13.4199 -14.9471 1 
0.340544 -0.113305 0 0 4.34982e-12 7.34873 18.0536 0 0 0 13.4783 0 0 0 13.4783 -15.0034 1 
0.341794 -0.11006 0 0 4.38957e-12 7.33769 18.105 0 0 0 13.5364 0 0 0 13.5364 -15.0593 1 
0.343044 -0.106829 0 0 4.43024e-12 7.32663 18.1558 0 0 0 13.5942 0 0 0 13.5942 -15.1147 1 
0.344294 -0.103612 0 0 4.47188e-12 7.31557 18.2059 0 0 0 13.6515 0 0 0 13.6515 -15.1696 1 
0.345544 -0.100408 0 0 4.51455e-12 7.30448 18.2554 0 0 0 13.7085 0 0 0 13.7085 -15.2241 1 
0.346794 -0.0972176 0 0 4.55827e-12 7.29339 18.3043 0 0 0 13.7651 0 0 0 13.7651 -15.2781 1 
0.348044 -0.0940416 0 0 4.6031e-12 7.28228 18.3525 0 0 0 13.8213 0 0 0 13.8213 -15.3317 1 
0.349294 -0.09088 0 0 4.64905e-12 7.27117 18.4002 0 0 0 13.8771 0 0 0 13.8771 -15.3848 1 
0.350544 -0.087733 0 0 4.69618e-12 7.26004 18.4471 0 0 0 13.9326 0 0 0 13.9326 -15.4374 1 
0.351794 -0.0846009 0 0 4.74455e-12 7.2489 18.4935 0 0 0 13.9876 0 0 0 13.9876 -15.4896 1 
0.353044 -0.081484 0 0 4.79421e-12 7.23776 18.5392 0 0 0 14.0423 0 0 0 14.0423 -15.5413 1 
0.354294 -0.0783825 0 0 4.84519e-12 7.2266 18.5843 0 0 0 14.0965 0 0 0 14.0965 -15.5925 1 
0.355544 -0.0752968 0 0 4.89757e-12 7.21544 18.6288 0 0 0 14.1504 0 0 0 14.1504 -15.6432 1 
0.356794 -0.072227 0 0 4.95138e-12 7.20426 18.6726 0 0 0 14.2039 0 0 0 14.2039 -15.6935 1 
0.358044 -0.0691736 0 0 5.00669e-12 7.19309 18.7159 0 0 0 14.2569 0 0 0 14.2569 -15.7432 1 
0.359294 -0.0661367 0 0 5.06357e-12 7.1819 18.7585 0 0 0 14.3096 0 0 0 14.3096 -15.7925 1 
0.360544 -0.0631167 0 0 5.12205e-12 7.17071 18.8004 0 0 0 14.3618 0 0 0 14.3618 -15.8414 1 
0.361794 -0.0601138 0 0 5.18222e-12 7.15952 18.8418 0 0 0 14.4136 0 0 0 14.4136 -15.8897 1 
0.363044 -0.0571284 0 0 5.24414e-12 7.14832 18.8825 0 0 0 14.465 0 0 0 14.465 -15.9375 1 
0.364294 -0.0541607 0 0 5.3079e-12 7.13711 18.9226 0 0 0 14.516 0 0 0 14.516 -15.9849 1 
0.365544 -0.0512111 0 0 5.37354e-12 7.12591 18.9621 0 0 0 14.5666 0 0 0 14.5666 -16.0317 1 
0.366794 -0.0482798 0 0 5.44119e-12 7.1147 19.001 0 0 0 14.6167 0 0 0 14.6167 -16.0781 1 
0.368044 -0.0453671 0 0 5.5109e-12 7.10349 19.0392 0 0 0 14.6664 0 0 0 14.6664 -16.124 1 
0.369294 -0.0424735 0 0 5.58276e-12 7.09228 19.0769 0 0 0 14.7156 0 0 0 14.7156 -16.1694 1 
0.370544 -0.0395991 0 0 5.65684e-12 7.08108 19.1139 0 0 0 14.7644 0 0 0 14.7644 -16.2143 1 
0.371794 -0.0367444 0 0 5.73325e-12 7.06987 19.1503 0 0 0 14.8128 0 0 0 14.8128 -16.2587 1 
0.373044 -0.0339096 0 0 5.81207e-12 7.05867 19.1861 0 0 0 14.8608 0 0 0 14.8608 -16.3025 1 
0.374294 -0.0310952 0 0 5.8934e-12 7.04747 19.2213 0 0 0 14.9082 0 0 0 14.9082 -16.3459 1 
0.375544 -0.0283014 0 0 5.97736e-12 7.03627 19.2559 0 0 0 14.9553 0 0 0 14.9553 -16.3888 1 
0.376794 -0.0255287 0 0 6.06407e-12 7.02509 19.2898 0 0 0 15.0019 0 0 0 15.0019 -16.4312 1 
0.378044 -0.0227773 0 0 6.15364e-12 7.0139 19.3232 0 0 0 15.048 0 0 0 15.048 -16.4731 1 
0.379294 -0.0200477 0 0 6.24595e-12 7.00273 19.3559 0 0 0 15.0936 0 0 0 15.0936 -16.5144 1 
0.380544 -0.0173407 0 0 6.34098e-12 6.99157 19.3881 0 0 0 15.1388 0 0 0 15.1388 -16.5553 1 
0.381794 -0.014657 0 0 6.4385e-12 6.98042 19.4196 0 0 0 15.1835 0 0 0 15.1835 -16.5956 1 
0.383044 -0.0119981 0 0 6.53774e-12 6.9693 19.4505 0 0 0 15.2277 0 0 0 15.2277 -16.6353 1 
0.384294 -0.00936687 0 0 6.63882e-12 6.9582 19.4808 0 0 0 15.2714 0 0 0 15.2714 -16.6745 1 
0.385544 -0.0067708 0 0 6.7462e-12 6.94717 19.5103 0 0 0 15.3144 0 0 0 15.3144 -16.713 1 
0.386794 -0.00422466 0 0 6.86243e-12 6.93627 19.539 0 0 0 15.3565 0 0 0 15.3565 -16.7506 1 
0.388044 -0.00176972 0 0 7.00488e-12 6.92568 19.5663 0 0 0 15.397 0 0 0 15.397 -16.7868 1 
0.389294 -6.54835e-05 0 0 7.35369e-12 6.91828 19.5851 0 0 0 15.425 0 0 0 15.425 -16.8117 1 
0.390544 1.31012e-05 0 0 7.53276e-12 6.91794 19.586 0 0 0 15.4263 0 0 0 15.4263 -16.8129 1 
0.391794 6.44057e-06 0 0 7.70892e-12 6.91797 19.5859 0 0 0 15.4262 0 0 0 15.4262 -16.8128 1 
0.393044 4.08917e-06 0 0 7.8909e-12 6.91798 19.5859 0 0 0 15.4262 0 0 0 15.4262 -16.8128 1 
0.394294 3.13705e-06 0 0 8.07927e-12 6.91799 19.5859 0 0 0 15.4262 0 0 0 15.4262 -16.8128 1 
0.395544 0 0 0 0 6.91799 19.5859 0 0 0 15.4262 0 0 0 15.4262 -16.8127 1 
0.396794 0 0 0 0 6.91799 19.5859 0 0 0 15.4262 0 0 0 15.4262 -16.8127 1 
0.398044 0 0 0 0 6.91799 19.5859 0 0 0 15.4262 0 0 0 15.4262 -16.8127 1 
0.399294 0 0 0 0 6.91799 19.5859 0 0 0 15.4262 0 0 0 15.4262 -16.8127 1 
0.400544 0 0 0 0 6.91799 19.5859 0 0 0 15.4262 0 0 0 15.4262 -16.8127 1 
0.401794 0 0 0 0 6.91799 19.5859 0 0 0 15.4262 0 0 0 15.4262 -16.8127 1 
0.403044 0 0 0 0 6.91799 19.5859 0 0 0 15.4262 0 0 0 15.4262 -16.8127 1 
0.404294 0 0 0 0 6.91799 19.5859 0 0 0 15.4262 0 0 0 15.4262 -16.8127 1 
0.405544 0 0 0 0 6.91799 19.5859 0 0 0 15.4262 0 0 0 15.4262 -16.8127 1 
0.406794 0 0 0 0 6.91799 19.5859 0 0 0 15.4262 0 0 0 15.4262 -16.8127 1 
0.408044 0 0 0 0 6.91799 19.5859 0 0 0 15.4262 0 0 0 15.4262 -16.8127 1 
0.409294 0 0 0 0 6.91799 19.5859 0 0 0 15.4262 0 0 0 15.4262 -16.8127 1 
0.410544 0 0 0 0 6.91799 19.5859 0 0 0 15.4262 0 0 0 15.4262 -16.8127 1 
0.411794 0 0 0 0 6.91799 19.5859 0 0 0 15.4262 0 0 0 15.4262 -16.8127 1 
0.413044 0 0 0 0 6.91799 19.5859 0 0 0 15.4262 0 0 0 15.4262 -16.8127 1 
0.414294 0 0 0 0 6.91799 19.5859 0 0 0 15.4262 0 0 0 15.4262 -16.8127 1 
0.415544 0 0 0 0 6.91799 19.5859 0 0 0 15.4262 0 0 0 15.4262 -16.8127 1 
0.416794 0 0 0 0 6.91799 19.5859 0 0 0 15.4262 0 0 0 15.4262 -16.8127 1 
0.418044 0 0 0 0 6.91799 19.5859 0 0 0 15.4262 0 0 0 15.4262 -16.8127 1 
0.419294 0 0 0 0 6.91799 19.5859 0 0 0 15.4262 0 0 0 15.4262 -16.8127 1 
0.420544 0 0 0 0 6.91799 19.5859 0 0 0 15.4262 0 0 0 15.4262 -16.8127 1 
0.421794 0 0 0 0 6.91799 19.5859 0 0 0 15.4262 0 0 0 15.4262 -16.8127 1 
0.423044 0 0 0 0 6.91799 19.5859 0 0 0 15.4262 0 0 0 15.4262 -16.8127 1 
0.424294 0 0 0 0 6.91799 19.5859 0 0 0 15.4262 0 0 0 15.4262 -16.8127 1 
0.425544 0 0 0 0 6.91799 19.5859 0 0 0 15.4262 0 0 0 15.4262 -16.8127 1 
0.426794 0 0 0 0 6.91799 19.5859 0 0 0 15.4262 0 0 0 15.4262 -16.8127 1 
0.428044 0 0 0 0 6.91799 19.5859 0 0 0 15.4262 0 0 0 15.4262 -16.8127 1 
0.429294 0 0 0 0 6.91799 19.5859 0 0 0 15.4262 0 0 0 15.4262 -16.8127 1 
0.430544 0 0 0 0 6.91799 19.5859 0 0 0 15.4262 0 0 0 15.4262 -16.8127 1 
0.431794 0 0 0 0 6.91799 19.5859 0 0 0 15.4262 0 0 0 15.4262 -16.8127 1 
0.433044 0 0 0 0 6.91799 19.5859 0 0 0 15.4262 0 0 0 15.4262 -16.8127 1 
0.434294 0 0 0 0 6.91799 19.5859 0 0 0 15.4262 0 0 0 15.4262 -16.8127 1 
0.435544 0 0 0 0 6.91799 19.5859 0 0 0 15.4262 0 0 0 15.4262 -16.8127 1 
0.436794 0 0 0 0 6.91799 19.5859 0 0 0 15.4262 0 0 0 15.4262 -16.8127 1 
0.438044 0 0 0 0 6.91799 19.5859 0 0 0 15.4262 0 0 0 15.4262 -16.8127 1 
0.439294 0 0 0 0 6.91799 19.5859 0 0 0 15.4262 0 0 0 15.4262 -16.8127 1 
0.440544 0 0 0 0 6.91799 19.5859 0 0 0 15.4262 0 0 0 15.4262 -16.8127 1 
0.441794 0 0 0 0 6.91799 19.5859 0 0 0 15.4262 0 0 0 15.4262 -16.8127 1 
0.443044 0 0 0 0 6.91799 19.5859 0 0 0 15.4262 0 0 0 15.4262 -16.8127 1 
0.444294 0 0 0 0 6.91799 19.5859 0 0 0 15.4262 0 0 0 15.4262 -16.8127 1 
0.445544 0 0 0 0 6.91799 19.5859 0 0 0 15.4262 0 0 0 15.4262 -16.8127 1 
0.446794 0 0 0 0 6.91799 19.5859 0 0 0 15.4262 0 0 0 15.4262 -16.8127 1 
0.448044 0 0 0 0 6.91799 19.5859 0 0 0 15.4262 0 0 0 15.4262 -16.8127 1 
0.449294 0 0 0 0 6.91799 19.5859 0 0 0 15.4262 0 0 0 15.4262 -16.8127 1 
0.450544 0 0 0 0 6.91799 19.5859 0 0 0 15.4262 0 0 0 15.4262 -16.8127 1 
0.451794 0 0 0 0 6.91799 19.5859 0 0 0 15.4262 0 0 0 15.4262 -16.8127 1 
0.453044 0 0 0 0 6.91799 19.5859 0 0 0 15.4262 0 0 0 15.4262 -16.8127 1 
0.454294 0 0 0 0 6.91799 19.5859 0 0 0 15.4262 0 0 0 15.4262 -16.8127 1 
0.455544 0 0 0 0 6.91799 19.5859 0 0 0 15.4262 0 0 0 15.4262 -16.8127 1 
0.456794 0 0 0 0 6.91799 19.5859 0 0 0 15.4262 0 0 0 15.4262 -16.8127 1 
0.458044 0 0 0 0 6.91799 19.5859 0 0 0 15.4262 0 0 0 15.4262 -16.8127 1 
0.459294 0 0 0 0 6.91799 19.5859 0 0 0 15.4262 0 0 0 15.4262 -16.8127 1 
0.460544 0 0 0 0 6.91799 19.5859 0 0 0 15.4262 0 0 0 15.4262 -16.8127 1 
0.461794 0 0 0 0 6.91799 19.5859 0 0 0 15.4262 0 0 0 15.4262 -16.8127 1 
0.463044 0 0 0 0 6.91799 19.5859 0 0 0 15.4262 0 0 0 15.4262 -16.8127 1 
0.464294 0 0 0 0 6.91799 19.5859 0 0 0 15.4262 0 0 0 15.4262 -16.8127 1 
0.465544 0 0 0 0 6.91799 19.5859 0 0 0 15.4262 0 0 0 15.4262 -16.8127 1 
0.466794 0 0 0 0 6.91799 19.5859 0 0 0 15.4262 0 0 0 15.4262 -16.8127 1 
0.468044 0 0 0 0 6.91799 19.5859 0 0 0 15.4262 0 0 0 15.4262 -16.8127 1 
0.469294 0 0 0 0 6.91799 19.5859 0 0 0 15.4262 0 0 0 15.4262 -16.8127 1 
0.470544 0 0 0 0 6.91799 19.5859 0 0 0 15.4262 0 0 0 15.4262 -16.8127 1 
0.471794 0 0 0 0 6.91799 19.5859 0 0 0 15.4262 0 0 0 15.4262 -16.8127 1 
0.473044 0 0 0 0 6.91799 19.5859 0 0 0 15.4262 0 0 0 15.4262 -16.8127 1 
0.474294 0 0 0 0 6.91799 19.5859 0 0 0 15.4262 0 0 0 15.4262 -16.8127 1
0.475544 0 0 0 0 6.91799 19.5859 0 0 0 15.4262 0 0 0 15.4262 -16.8127 1
0.476794 0 0 0 0 6.91799 19.5859 0 0 0 15.4262 0 0 0 15.4262 -16.8127 1
0.478044 0 0 0 0 6.91799 19.5859 0 0 0 15.4262 0 0 0 15.4262 -16.8127 1
0.479294 0 0 0 0 6.91799 19.5859 0 0 0 15.4262 0 0 0 15.4262 -16.8127 1
0.480544 0 0 0 0 6.91799 19.5859 0 0 0 15.4262 0 0 0 15.4262 -16.8127 1
0.481794 0 0 0 0 6.91799 19.5859 0 0 0 15.4262 0 0 0 15.4262 -16.8127 1
0.483044 0 0 0 0 6.91799 19.5859 0 0 0 15.4262 0 0 0 15.4262 -16.8127 1
0.484294 0 0 0 0 6.91799 19.5859 0 0 0 15.4262 0 0 0 15.4262 -16.8127 1
0.485544 0 0 0 0 6.91799 19.5859 0 0 0 15.4262 0 0 0 15.4262 -16.8127 1
0.486794 0 0 0 0 6.91799 19.5859 0 0 0 15.4262 0 0 0 15.4262 -16.8127 1
0.488044 0 0 0 0 6.91799 19.5859 0 0 0 15.4262 0 0 0 15.4262 -16.8127 1
0.489294 0 0 0 0 6.91799 19.5859 0 0 0 15.4262 0 0 0 15.4262 -16.8127 1
0.490544 0 0 0 0 6.91799 19.5859 0 0 0 15.4262 0 0 0 15.4262 -16.8127 1
0.491794 0 0 0 0 6.91799 19.5859 0 0 0 15.4262 0 0 0 15.4262 -16.8127 1
0.493044 0 0 0 0 6.91799 19.5859 0 0 0 15.4262 0 0 0 15.4262 -16.8127 1
0.494294 0 0 0 0 6.91799 19.5859 0 0 0 15.4262 0 0 0 15.4262 -16.8127 1
0.495544 0 0 0 0 6.91799 19.5859 0 0 0 15.4262 0 0 0 15.4262 -16.8127 1
0.496794 0 0 0 0 6.91799 19.5859 0 0 0 15.4262 0 0 0 15.4262 -16.8127 1
0.498044 0 0 0 0 6.91799 19.5859 0 0 0 15.4262 0 0 0 15.4262 -16.8127 1
0.499294 0 0 0 0 6.91799 19.5859 0 0 0 15.4262 0 0 0 15.4262 -16.8127 1
0.500544 0 0 0 0 6.91799 19.5859 0 0 0 15.4262 0 0 0 15.4262 -16.8127 1
0.501794 0 0 0 0 6.91799 19.5859 0 0 0 15.4262 0 0 0 15.4262 -16.8127 1
0.503044 0 0 0 0 6.91799 19.5859 0 0 0 15.4262 0 0 0 15.4262 -16.8127 1
0.504294 0 0 0 0 6.91799 19.5859 0 0 0 15.4262 0 0 0 15.4262 -16.8127 1
0.505544 0 0 0 0 6.91799 19.5859 0 0 0 15.4262 0 0 0 15.4262 -16.8127 1
0.506794 0 0 0 0 6.91799 19.5859 0 0 0 15.4262 0 0 0 15.4262 -16.8127 1
0.508044 0 0 0 0 6.91799 19.5859 0 0 0 15.4262 0 0 0 15.4262 -16.8127 1
0.509294 0 0 0 0 6.91799 19.5859 0 0 0 15.4262 0 0 0 15.4262 -16.8127 1
0.510544 0 0 0 0 6.91799 19.5859 0 0 0 15.4262 0 0 0 15.4262 -16.8127 1
0.511794 0 0 0 0 6.91799 19.5859 0 0 0 15.4262 0 0 0 15.4262 -16.8127 1
0.513044 0 0 0 0 6.91799 19.5859 0 0 0 15.4262 0 0 0 15.4262 -16.8127 1
0.514294 0 0 0 0 6.91799 19.5859 0 0 0 15.4262 0 0 0 15.4262 -16.8127 1
0.515544 0 0 0 0 6.91799 19.5859 0 0 0 15.4262 0 0 0 15.4262 -16.8127 1
0.516794 0 0 0 0 6.91799 19.5859 0 0 0 15.4262 0 0 0 15.4262 -16.8127 1
0.518044 0 0 0 0 6.91799 19.5859 0 0 0 15.4262 0 0 0 15.4262 -16.8127 1
0.519294 0 0 0 0 6.91799 19.5859 0 0 0 15.4262 0 0 0 15.4262 -16.8127 1
0.520544 0 0 0 0 6.91799 19.5859 0 0 0 15.4262 0 0 0 15.4262 -16.8127 1
0.521794 0 0 0 0 6.91799 19.5859 0 0 0 15.4262 0 0 0 15.4262 -16.8127 1
0.523044 0 0 0 0 6.91799 19.5859 0 0 0 15.4262 0 0 0 15.4262 -16.8127 1
0.524294 0 0 0 0 6.91799 19.5859 0 0 0 15.4262 0 0 0 15.4262 -16.8127 1
0.525544 0 0 0 0 6.91799 19.5859 0 0 0 15.4262 0 0 0 15.4262 -16.8127 1
0.526794 0 0 0 0 6.91799 19.5859 0 0 0 15.4262 0 0 0 15.4262 -16.8127 1
0.528044 0 0 0 0 6.91799 19.5859 0 0 0 15.4262 0 0 0 15.4262 -16.8127 1
0.529294 0 0 0 0 6.91799 19.5859 0 0 0 15.4262 0 0 0 15.4262 -16.8127 1
0.530544 0 0 0 0 6.91799 19.5859 0 0 0 15.4262 0 0 0 15.4262 -16.8127 1
0.531794 0 0 0 0 6.91799 19.5859 0 0 0 15.4262 0 0 0 15.4262 -16.8127 1
0.533044 0 0 0 0 6.91799 19.5859 0 0 0 15.4262 0 0 0 15.4262 -16.8127 1
0.534294 0 0 0 0 6.91799 19.5859 0 0 0 15.4262 0 0 0 15.4262 -16.8127 1
0.535544 0 0 0 0 6.91799 19.5859 0 0 0 15.4262 0 0 0 15.4262 -16.8127 1
0.536794 0 0 0 0 6.91799 19.5859 0 0 0 15.4262 0 0 0 15.4262 -16.8127 1
0.538044 0 0 0 0 6.91799 19.5859 0 0 0 15.4262 0 0 0 15.4262 -16.8127 1
0.539294 0 0 0 0 6.91799 19.5859 0 0 0 15.4262 0 0 0 15.4262 -16.8127 1
0.540544 0 0 0 0 6.91799 19.5859 0 0 0 15.4262 0 0 0 15.4262 -16.8127 1
0.541794 0 0 0 0 6.91799 19.5859 0 0 0 15.4262 0 0 0 15.4262 -16.8127 1
0.543044 0 0 0 0 6.91799 19.5859 0 0 0 15.4262 0 0 0 15.4262 -16.8127 1
0.544294 0 0 0 0 6.91799 19.5859 0 0 0 15.4262 0 0 0 15.4262 -16.8127 1
0.545544 0 0 0 0 6.91799 19.5859 0 0 0 15.4262 0 0 0 15.4262 -16.8127 1
0.546794 0 0 0 0 6.91799 19.5859 0 0 0 15.4262 0 0 0 15.4262 -16.8127 1
0.548044 0 0 0 0 6.91799 19.5859 0 0 0 15.4262 0 0 0 15.4262 -16.8127 1
0.549294 0 0 0 0 6.91799 19.5859 0 0 0 15.4262 0 0 0 15.4262 -16.8127 1
0.550544 0 0 0 0 6.91799 19.5859 0 0 0 15.4262 0 0 0 15.4262 -16.8127 1
0.551794 0 0 0 0 6.91799 19.5859 0 0 0 15.4262 0 0 0 15.4262 -16.8127 1
0.553044 0 0 0 0 6.91799 19.5859 0 0 0 15.4262 0 0 0 15.4262 -16.8127 1
0.554294 0 0 0 0 6.91799 19.5859 0 0 0 15.4262 0 0 0 15.4262 -16.8127 1
0.555544 0 0 0 0 6.91799 19.5859 0 0 0 15.4262 0 0 0 15.4262 -16.8127 1
0.556794 0 0 0 0 6.91799 19.5859 0 0 0 15.4262 0 0 0 15.4262 -16.8127 1
0.558044 0 0 0 0 6.91799 19.5859 0 0 0 15.4262 0 0 0 15.4262 -16.8127 1
0.559294 0 0 0 0 6.91799 19.5859 0 0 0 15.4262 0 0 0 15.4262 -16.8127 1
0.560544 0 0 0 0 6.91799 19.5859 0 0 0 15.4262 0 0 0 15.4262 -16.8127 1
0.561794 0 0 0 0 6.91799 19.5859 0 0 0 15.4262 0 0 0 15.4262 -16.8127 1
0.563044 0 0 0 0 6.91799 19.5859 0 0 0 15.4262 0 0 0 15.4262 -16.8127 1
0.564294 0 0 0 0 6.91799 19.5859 0 0 0 15.4262 0 0 0 15.4262 -16.8127 1
0.565544 0 0 0 0 6.91799 19.5859 0 0 0 15.4262 0 0 0 15.4262 -16.8127 1
0.566794 0 0 0 0 6.91799 19.5859 0 0 0 15.4262 0 0 0 15.4262 -16.8127 1
0.568044 0 0 0 0 6.91799 19.5859 0 0 0 15.4262 0 0 0 15.4262 -16.8127 1
0.569294 0 0 0 0 6.91799 19.5859 0 0 0 15.4262 0 0 0 15.4262 -16.8127 1
0.570544 0 0 0 0 6.91799 19.5859 0 0 0 15.4262 0 0 0 15.4262 -16.8127 1
0.571794 0 0 0 0 6.91799 19.5859 0 0 0 15.4262 0 0 0 15.4262 -16.8127 1
0.573044 0 0 0 0 6.91799 19.5859 0 0 0 15.4262 0 0 0 15.4262 -16.8127 1
0.574294 0 0 0 0 6.91799 19.5859 0 0 0 15.4262 0 0 0 15.4262 -16.8127 1
0.575544 0 0 0 0 6.91799 19.5859 0 0 0 15.4262 0 0 0 15.4262 -16.8127 1
0.576794 0 0 0 0 6.91799 19.5859 0 0 0 15.4262 0 0 0 15.4262 -16.8127 1
0.578044 0 0 0 0 6.91799 19.5859 0 0 0 15.4262 0 0 0 15.4262 -16.8127 1
0.579294 0 0 0 0 6.91799 19.5859 0 0 0 15.4262 0 0 0 15.4262 -16.8127 1
0.580544 0 0 0 0 6.91799 19.5859 0 0 0 15.4262 0 0 0 15.4262 -16.8127 1
0.581794 0 0 0 0 6.91799 19.5859 0 0 0 15.4262 0 0 0 15.4262 -16.8127 1
0.583044 0 0 0 0 6.91799 19.5859 0 0 0 15.4262 0 0 0 15.4262 -16.8127 1
0.584294 0 0 0 0 6.91799 19.5859 0 0 0 15.4262 0 0 0 15.4262 -16.8127 1
0.585544 0 0 0 0 6.91799 19.5859 0 0 0 15.4262 0 0 0 15.4262 -16.8127 1
0.586794 0 0 0 0 6.91799 19.5859 0 0 0 15.4262 0 0 0 15.4262 -16.8127 1
0.588044 0 0 0 0 6.91799 19.5859 0 0 0 15.4262 0 0 0 15.4262 -16.8127 1
0.589294 0 0 0 0 6.91799 19.5859 0 0 0 15.4262 0 0 0 15.4262 -16.8127 1
0.590544 0 0 0 0 6.91799 19.5859 0 0 0 15.4262 0 0 0 15.4262 -16.8127 1
0.591794 0 0 0 0 6.91799 19.5859 0 0 0 15.4262 0 0 0 15.4262 -16.8127 1
0.593044 0 0 0 0 6.91799 19.5859 0 0 0 15.4262 0 0 0 15.4262 -16.8127 1
0.594294 0 0 0 0 6.91799 19.5859 0 0 0 15.4262 0 0 0 15.4262 -16.8127 1
0.595544 0 0 0 0 6.91799 19.5859 0 0 0 15.4262 0 0 0 15.4262 -16.8127 1
0.596794 0 0 0 0 6.91799 19.5859 0 0 0 15.4262 0 0 0 15.4262 -16.8127 1
0.598044 0 0 0 0 6.91799 19.5859 0 0 0 15.4262 0 0 0 15.4262 -16.8127 1
0.599294 0 0 0 0 6.91799 19.5859 0 0 0 15.4262 0 0 0 15.4262 -16.8127 1
0.600494 -1.32864e-06 0 0 8.94196e-12 6.91799 19.5859 0 0 0 15.4261 0 0 0 15.4261 -16.8127 1 
0.601744 -1.56989e-06 0 0 8.72293e-12 6.91799 19.5859 0 0 0 15.4262 0 0 0 15.4262 -16.8127 1 
0.602994 -1.90481e-06 0 0 8.51184e-12 6.91799 19.5859 0 0 0 15.4262 0 0 0 15.4262 -16.8127 1 
0.604244 -2.37849e-06 0 0 8.3083e-12 6.91799 19.5859 0 0 0 15.4262 0 0 0 15.4262 -16.8127 1 
0.605494 -3.01405e-06 0 0 8.11197e-12 6.91799 19.5859 0 0 0 15.4262 0 0 0 15.4262 -16.8127 1 
0.606744 -3.95098e-06 0 0 7.92245e-12 6.91798 19.5859 0 0 0 15.4262 0 0 0 15.4262 -16.8128 1 
0.607994 -5.92062e-06 0 0 7.73941e-12 6.91797 19.5859 0 0 0 15.4262 0 0 0 15.4262 -16.8128 1 
0.609244 -1.05382e-05 0 0 7.56251e-12 6.91795 19.586 0 0 0 15.4263 0 0 0 15.4263 -16.8129 1 
0.610494 6.97324e-06 0 0 7.38995e-12 6.91803 19.5858 0 0 0 15.426 0 0 0 15.426 -16.8126 1 
0.611744 0.00137543 0 0 7.04046e-12 6.92397 19.5707 0 0 0 15.4035 0 0 0 15.4035 -16.7925 1 
0.612994 0.00379843 0 0 6.88358e-12 6.93444 19.5438 0 0 0 15.3635 0 0 0 15.3635 -16.7569 1 
0.614244 0.00633395 0 0 6.76524e-12 6.94531 19.5153 0 0 0 15.3216 0 0 0 15.3216 -16.7195 1 
0.615494 0.00892273 0 0 6.65656e-12 6.95632 19.4859 0 0 0 15.2788 0 0 0 15.2788 -16.6811 1 
0.616744 0.0115488 0 0 6.55471e-12 6.96741 19.4557 0 0 0 15.2352 0 0 0 15.2352 -16.642 1 
0.617994 0.0142032 0 0 6.45527e-12 6.97853 19.4249 0 0 0 15.1911 0 0 0 15.1911 -16.6024 1 
0.619244 0.0168828 0 0 6.35739e-12 6.98967 19.3935 0 0 0 15.1465 0 0 0 15.1465 -16.5621 1 
0.620494 0.0195859 0 0 6.26191e-12 7.00083 19.3615 0 0 0 15.1014 0 0 0 15.1014 -16.5214 1 
0.621744 0.0223117 0 0 6.16913e-12 7.012 19.3288 0 0 0 15.0558 0 0 0 15.0558 -16.4801 1 
0.622994 0.0250594 0 0 6.07909e-12 7.02318 19.2955 0 0 0 15.0097 0 0 0 15.0097 -16.4383 1 
0.624244 0.0278285 0 0 5.99189e-12 7.03437 19.2617 0 0 0 14.9632 0 0 0 14.9632 -16.396 1 
0.625494 0.0306188 0 0 5.90748e-12 7.04556 19.2272 0 0 0 14.9163 0 0 0 14.9163 -16.3533 1 
0.626744 0.0334297 0 0 5.82572e-12 7.05676 19.1921 0 0 0 14.8689 0 0 0 14.8689 -16.31 1 
0.627994 0.036261 0 0 5.74649e-12 7.06797 19.1564 0 0 0 14.821 0 0 0 14.821 -16.2662 1 
0.629244 0.0391124 0 0 5.66967e-12 7.07917 19.1201 0 0 0 14.7727 0 0 0 14.7727 -16.2218 1 
0.630494 0.0419835 0 0 5.59518e-12 7.09038 19.0832 0 0 0 14.724 0 0 0 14.724 -16.177 1 
0.631744 0.0448739 0 0 5.52295e-12 7.10159 19.0457 0 0 0 14.6748 0 0 0 14.6748 -16.1317 1 
0.632994 0.0477833 0 0 5.45289e-12 7.1128 19.0075 0 0 0 14.6252 0 0 0 14.6252 -16.086 1 
0.634244 0.0507114 0 0 5.3849e-12 7.124 18.9688 0 0 0 14.5751 0 0 0 14.5751 -16.0397 1 
0.635494 0.053658 0 0 5.31891e-12 7.13521 18.9294 0 0 0 14.5246 0 0 0 14.5246 -15.9929 1 
0.636744 0.0566226 0 0 5.25485e-12 7.14641 18.8894 0 0 0 14.4737 0 0 0 14.4737 -15.9456 1 
0.637994 0.0596051 0 0 5.19261e-12 7.15761 18.8488 0 0 0 14.4224 0 0 0 14.4224 -15.8979 1 
0.639244 0.062605 0 0 5.13215e-12 7.16881 18.8075 0 0 0 14.3706 0 0 0 14.3706 -15.8496 1 
0.640494 0.0656221 0 0 5.07338e-12 7.18 18.7656 0 0 0 14.3185 0 0 0 14.3185 -15.8009 1 
0.641744 0.0686561 0 0 5.01625e-12 7.19119 18.7232 0 0 0 14.2659 0 0 0 14.2659 -15.7517 1 
0.642994 0.0717068 0 0 4.96068e-12 7.20237 18.68 0 0 0 14.2129 0 0 0 14.2129 -15.702 1 
0.644244 0.0747738 0 0 4.90661e-12 7.21354 18.6363 0 0 0 14.1595 0 0 0 14.1595 -15.6518 1 
0.645494 0.0778568 0 0 4.854e-12 7.2247 18.5919 0 0 0 14.1057 0 0 0 14.1057 -15.6011 1 
0.646744 0.0809556 0 0 4.80278e-12 7.23586 18.5469 0 0 0 14.0515 0 0 0 14.0515 -15.55 1 
0.647994 0.0840699 0 0 4.7529e-12 7.24701 18.5013 0 0 0 13.9969 0 0 0 13.9969 -15.4984 1 
0.649244 0.0871994 0 0 4.70432e-12 7.25815 18.4551 0 0 0 13.942 0 0 0 13.942 -15.4463 1 
0.650494 0.0903439 0 0 4.65697e-12 7.26928 18.4082 0 0 0 13.8866 0 0 0 13.8866 -15.3938 1 
0.651744 0.0935031 0 0 4.61082e-12 7.2804 18.3607 0 0 0 13.8308 0 0 0 13.8308 -15.3408 1 
0.652994 0.0966767 0 0 4.5658e-12 7.2915 18.3126 0 0 0 13.7747 0 0 0 13.7747 -15.2873 1 
0.654244 0.0998645 0 0 4.52191e-12 7.3026 18.2638 0 0 0 13.7181 0 0 0 13.7181 -15.2333 1 
0.655494 0.103066 0 0 4.47907e-12 7.31368 18.2144 0 0 0 13.6612 0 0 0 13.6612 -15.1789 1 
0.656744 0.106282 0 0 4.43724e-12 7.32475 18.1644 0 0 0 13.6039 0 0 0 13.6039 -15.1241 1 
0.657994 0.10951 0 0 4.39641e-12 7.33581 18.1137 0 0 0 13.5463 0 0 0 13.5463 -15.0687 1 
0.659244 0.112752 0 0 4.35652e-12 7.34686 18.0624 0 0 0 13.4882 0 0 0 13.4882 -15.013 1 
0.660494 0.116007 0 0 4.31755e-12 7.35789 18.0105 0 0 0 13.4299 0 0 0 13.4299 -14.9567 1 
0.661744 0.119275 0 0 4.27944e-12 7.3689 17.9579 0 0 0 13.3711 0 0 0 13.3711 -14.9001 1 
0.662994 0.122555 0 0 4.24219e-12 7.3799 17.9048 0 0 0 13.312 0 0 0 13.312 -14.8429 1 
0.664244 0.125847 0 0 4.20577e-12 7.39089 17.8509 0 0 0 13.2525 0 0 0 13.2525 -14.7853 1 
0.665494 0.129151 0 0 4.17011e-12 7.40186 17.7965 0 0 0 13.1927 0 0 0 13.1927 -14.7273 1 
0.666744 0.132467 0 0 4.13524e-12 7.41281 17.7414 0 0 0 13.1325 0 0 0 13.1325 -14.6688 1 
0.667994 0.135795 0 0 4.10109e-12 7.42375 17.6857 0 0 0 13.072 0 0 0 13.072 -14.6099 1 
0.669244 0.139133 0 0 4.06765e-12 7.43467 17.6294 0 0 0 13.0112 0 0 0 13.0112 -14.5506 1 
0.670494 0.142483 0 0 4.03488e-12 7.44557 17.5724 0 0 0 12.95 0 0 0 12.95 -14.4908 1 
0.671744 0.145844 0 0 4.00279e-12 7.45646 17.5148 0 0 0 12.8884 0 0 0 12.8884 -14.4306 1 
0.672994 0.149216 0 0 3.97133e-12 7.46733 17.4565 0 0 0 12.8266 0 0 0 12.8266 -14.3699 1 
0.674244 0.152598 0 0 3.94047e-12 7.47818 17.3977 0 0 0 12.7644 0 0 0 12.7644 -14.3088 1 
0.675494 0.15599 0 0 3.91021e-12 7.48901 17.3382 0 0 0 12.7019 0 0 0 12.7019 -14.2473 1 
0.676744 0.159393 0 0 3.88051e-12 7.49982 17.278 0 0 0 12.639 0 0 0 12.639 -14.1853 1 
0.677994 0.162805 0 0 3.85137e-12 7.51061 17.2173 0 0 0 12.5758 0 0 0 12.5758 -14.123 1 
0.679244 0.166227 0 0 3.82275e-12 7.52139 17.1559 0 0 0 12.5123 0 0 0 12.5123 -14.0602 1 
0.680494 0.169658 0 0 3.79465e-12 7.53214 17.0938 0 0 0 12.4485 0 0 0 12.4485 -13.997 1 
0.681744 0.173099 0 0 3.76704e-12 7.54287 17.0312 0 0 0 12.3844 0 0 0 12.3844 -13.9333 1 
0.682994 0.176549 0 0 3.73992e-12 7.55359 16.9679 0 0 0 12.32 0 0 0 12.32 -13.8693 1 
0.684244 0.180008 0 0 3.71327e-12 7.56428 16.904 0 0 0 12.2553 0 0 0 12.2553 -13.8048 1 
0.685494 0.183476 0 0 3.68708e-12 7.57496 16.8394 0 0 0 12.1902 0 0 0 12.1902 -13.7399 1 
0.686744 0.186952 0 0 3.66131e-12 7.58561 16.7742 0 0 0 12.1249 0 0 0 12.1249 -13.6747 1 
0.687994 0.190437 0 0 3.63596e-12 7.59624 16.7084 0 0 0 12.0592 0 0 0 12.0592 -13.609 1 
0.689244 0.19393 0 0 3.61102e-12 7.60685 16.642 0 0 0 11.9933 0 0 0 11.9933 -13.5429 1 
0.690494 0.197431 0 0 3.58647e-12 7.61744 16.5749 0 0 0 11.9271 0 0 0 11.9271 -13.4764 1 
0.691744 0.20094 0 0 3.56233e-12 7.62801 16.5072 0 0 0 11.8606 0 0 0 11.8606 -13.4094 1 
0.692994 0.204457 0 0 3.53852e-12 7.63855 16.4388 0 0 0 11.7938 0 0 0 11.7938 -13.3421 1 
0.694244 0.207981 0 0 3.51507e-12 7.64908 16.3699 0 0 0 11.7267 0 0 0 11.7267 -13.2744 1 
0.695494 0.211513 0 0 3.49197e-12 7.65958 16.3003 0 0 0 11.6593 0 0 0 11.6593 -13.2063 1 
0.696744 0.215052 0 0 3.46921e-12 7.67006 16.2301 0 0 0 11.5917 0 0 0 11.5917 -13.1378 1 
0.697994 0.218599 0 0 3.44677e-12 7.68052 16.1592 0 0 0 11.5237 0 0 0 11.5237 -13.0689 1 
0.699244 0.222152 0 0 3.42465e-12 7.69095 16.0878 0 0 0 11.4555 0 0 0 11.4555 -12.9996 1 
0.700494 0.225712 0 0 3.40282e-12 7.70137 16.0157 0 0 0 11.3871 0 0 0 11.3871 -12.9299 1 
0.701744 0.229279 0 0 3.38129e-12 7.71176 15.9429 0 0 0 11.3183 0 0 0 11.3183 -12.8599 1 
0.702994 0.232853 0 0 3.36005e-12 7.72212 15.8696 0 0 0 11.2493 0 0 0 11.2493 -12.7894 1 
0.704244 0.236432 0 0 3.33911e-12 7.73247 15.7956 0 0 0 11.1801 0 0 0 11.1801 -12.7186 1 
0.705494 0.240019 0 0 3.31843e-12 7.74279 15.721 0 0 0 11.1105 0 0 0 11.1105 -12.6474 1 
0.706744 0.243611 0 0 3.29801e-12 7.75309 15.6458 0 0 0 11.0407 0 0 0 11.0407 -12.5758 1 
0.707994 0.24721 0 0 3.27785e-12 7.76336 15.5699 0 0 0 10.9707 0 0 0 10.9707 -12.5038 1 
0.709244 0.250814 0 0 3.25792e-12 7.77362 15.4934 0 0 0 10.9004 0 0 0 10.9004 -12.4314 1 
0.710494 0.254424 0 0 3.23825e-12 7.78384 15.4163 0 0 0 10.8298 0 0 0 10.8298 -12.3587 1 
0.711744 0.25804 0 0 3.21881e-12 7.79405 15.3386 0 0 0 10.759 0 0 0 10.759 -12.2856 1 
0.712994 0.261662 0 0 3.19958e-12 7.80423 15.2603 0 0 0 10.688 0 0 0 10.688 -12.2121 1 
0.714244 0.265288 0 0 3.18058e-12 7.81439 15.1813 0 0 0 10.6167 0 0 0 10.6167 -12.1382 1 
0.715494 0.268921 0 0 3.16178e-12 7.82452 15.1017 0 0 0 10.5452 0 0 0 10.5452 -12.064 1 
0.716744 0.272558 0 0 3.14319e-12 7.83463 15.0215 0 0 0 10.4734 0 0 0 10.4734 -11.9894 1 
0.717994 0.2762 0 0 3.12481e-12 7.84472 14.9406 0 0 0 10.4014 0 0 0 10.4014 -11.9145 1 
0.719244 0.279848 0 0 3.10662e-12 7.85478 14.8592 0 0 0 10.3291 0 0 0 10.3291 -11.8392 1 
0.720494 0.2835 0 0 3.08862e-12 7.86482 14.7771 0 0 0 10.2567 0 0 0 10.2567 -11.7635 1 
0.721744 0.287157 0 0 3.07082e-12 7.87484 14.6944 0 0 0 10.1839 0 0 0 10.1839 -11.6874 1 
0.722994 0.290819 0 0 3.0532e-12 7.88483 14.6111 0 0 0 10.111 0 0 0 10.111 -11.611 1 
0.724244 0.294485 0 0 3.03576e-12 7.8948 14.5271 0 0 0 10.0378 0 0 0 10.0378 -11.5343 1 
0.725494 0.298156 0 0 3.01849e-12 7.90474 14.4426 0 0 0 9.96444 0 0 0 9.96444 -11.4571 1 
0.726744 0.301831 0 0 3.00138e-12 7.91466 14.3574 0 0 0 9.89082 0 0 0 9.89082 -11.3797 1 
0.727994 0.30551 0 0 2.98445e-12 7.92456 14.2716 0 0 0 9.81698 0 0 0 9.81698 -11.3018 1 
0.729244 0.309194 0 0 2.96767e-12 7.93443 14.1852 0 0 0 9.74292 0 0 0 9.74292 -11.2237 1 
0.730494 0.312882 0 0 2.95105e-12 7.94428 14.0981 0 0 0 9.66864 0 0 0 9.66864 -11.1451 1 
0.731744 0.316573 0 0 2.93457e-12 7.95411 14.0105 0 0 0 9.59415 0 0 0 9.59415 -11.0663 1 
0.732994 0.320269 0 0 2.91823e-12 7.96391 13.9222 0 0 0 9.51944 0 0 0 9.51944 -10.987 1 
0.734244 0.323968 0 0 2.90204e-12 7.97368 13.8333 0 0 0 9.44452 0 0 0 9.44452 -10.9075 1 
0.735494 0.327671 0 0 2.88599e-12 7.98343 13.7438 0 0 0 9.3694 0 0 0 9.3694 -10.8275 1 
0.736744 0.331377 0 0 2.87007e-12 7.99316 13.6537 0 0 0 9.29406 0 0 0 9.29406 -10.7473 1 
0.737994 0.335088 0 0 2.85429e-12 8.00287 13.563 0 0 0 9.21852 0 0 0 9.21852 -10.6667 1 
0.739244 0.338801 0 0 2.83863e-12 8.01255 13.4716 0 0 0 9.14277 0 0 0 9.14277 -10.5857 1 
0.740494 0.342518 0 0 2.8231e-12 8.0222 13.3796 0 0 0 9.06682 0 0 0 9.06682 -10.5044 1 
0.741744 0.346238 0 0 2.80771e-12 8.03184 13.2871 0 0 0 8.99067 0 0 0 8.99067 -10.4228 1 
0.742994 0.349962 0 0 2.79243e-12 8.04145 13.1939 0 0 0 8.91432 0 0 0 8.91432 -10.3408 1 
0.744244 0.353689 0 0 2.77728e-12 8.05103 13.1001 0 0 0 8.83778 0 0 0 8.83778 -10.2585 1 
0.745494 0.357418 0 0 2.76225e-12 8.06059 13.0056 0 0 0 8.76103 0 0 0 8.76103 -10.1759 1 
0.746744 0.361151 0 0 2.74733e-12 8.07013 12.9106 0 0 0 8.6841 0 0 0 8.6841 -10.0929 1 
0.747994 0.364887 0 0 2.73252e-12 8.07964 12.815 0 0 0 8.60697 0 0 0 8.60697 -10.0096 1 
0.749244 0.368625 0 0 2.71781e-12 8.08913 12.7187 0 0 0 8.52964 0 0 0 8.52964 -9.92599 1 
0.750444 0.372217 0 0 2.7038e-12 8.09822 12.6257 0 0 0 8.45524 0 0 0 8.45524 -9.84539 1 
0.751694 0.375961 0 0 2.68929e-12 8.10766 12.5282 0 0 0 8.37755 0 0 0 8.37755 -9.76111 1 
0.752944 0.379708 0 0 2.6749e-12 8.11708 12.4302 0 0 0 8.29967 0 0 0 8.29967 -9.6765 1 
0.754194 0.383457 0 0 2.66059e-12 8.12648 12.3315 0 0 0 8.2216 0 0 0 8.2216 -9.59156 1 
0.755444 0.387208 0 0 2.64638e-12 8.13585 12.2322 0 0 0 8.14336 0 0 0 8.14336 -9.5063 1 
0.756694 0.390963 0 0 2.63227e-12 8.1452 12.1323 0 0 0 8.06493 0 0 0 8.06493 -9.42071 1 
0.757944 0.394719 0 0 2.61825e-12 8.15452 12.0318 0 0 0 7.98632 0 0 0 7.98632 -9.3348 1 
0.759194 0.398478 0 0 2.60431e-12 8.16383 11.9306 0 0 0 7.90753 0 0 0 7.90753 -9.24857 1 
0.760444 0.40224 0 0 2.59049e-12 8.1731 11.8289 0 0 0 7.82856 0 0 0 7.82856 -9.16201 1 
0.761694 0.406003 0 0 2.57673e-12 8.18236 11.7266 0 0 0 7.74942 0 0 0 7.74942 -9.07513 1 
0.762944 0.409769 0 0 2.56308e-12 8.19159 11.6236 0 0 0 7.6701 0 0 0 7.6701 -8.98793 1 
0.764194 0.413537 0 0 2.54951e-12 8.2008 11.52 0 0 0 7.5906 0 0 0 7.5906 -8.90041 1 
0.765444 0.417306 0 0 2.53603e-12 8.20998 11.4159 0 0 0 7.51094 0 0 0 7.51094 -8.81258 1 
0.766694 0.421078 0 0 2.52263e-12 8.21915 11.3111 0 0 0 7.4311 0 0 0 7.4311 -8.72443 1 
0.767944 0.424852 0 0 2.5093e-12 8.22829 11.2057 0 0 0 7.35109 0 0 0 7.35109 -8.63596 1 
0.769194 0.428628 0 0 2.49605e-12 8.2374 11.0997 0 0 0 7.27091 0 0 0 7.27091 -8.54717 1 
0.770444 0.432405 0 0 2.48288e-12 8.24649 10.9931 0 0 0 7.19057 0 0 0 7.19057 -8.45807 1 
0.771694 0.436185 0 0 2.46978e-12 8.25556 10.8859 0 0 0 7.11006 0 0 0 7.11006 -8.36866 1 
0.772944 0.439966 0 0 2.45675e-12 8.26461 10.778 0 0 0 7.02938 0 0 0 7.02938 -8.27894 1 
0.774194 0.443749 0 0 2.4438e-12 8.27364 10.6696 0 0 0 6.94854 0 0 0 6.94854 -8.1889 1 
0.775444 0.447533 0 0 2.43091e-12 8.28264 10.5606 0 0 0 6.86754 0 0 0 6.86754 -8.09855 1 
0.776694 0.45132 0 0 2.41809e-12 8.29162 10.4509 0 0 0 6.78637 0 0 0 6.78637 -8.00789 1 
0.777944 0.455107 0 0 2.40535e-12 8.30057 10.3407 0 0 0 6.70504 0 0 0 6.70504 -7.91693 1 
0.779194 0.458897 0 0 2.39269e-12 8.30951 10.2298 0 0 0 6.62356 0 0 0 6.62356 -7.82565 1 
0.780444 0.462687 0 0 2.38009e-12 8.31842 10.1184 0 0 0 6.54191 0 0 0 6.54191 -7.73407 1 
0.781694 0.46648 0 0 2.36757e-12 8.32731 10.0063 0 0 0 6.46011 0 0 0 6.46011 -7.64218 1 
0.782944 0.470273 0 0 2.35513e-12 8.33617 9.89363 0 0 0 6.37815 0 0 0 6.37815 -7.54998 1 
0.784194 0.474068 0 0 2.34274e-12 8.34502 9.78035 0 0 0 6.29604 0 0 0 6.29604 -7.45748 1 
0.785444 0.477865 0 0 2.33042e-12 8.35384 9.66647 0 0 0 6.21377 0 0 0 6.21377 -7.36467 1 
0.786694 0.481662 0 0 2.31817e-12 8.36264 9.55198 0 0 0 6.13134 0 0 0 6.13134 -7.27156 1 
0.787944 0.485461 0 0 2.30598e-12 8.37142 9.43689 0 0 0 6.04877 0 0 0 6.04877 -7.17814 1 
0.789194 0.489261 0 0 2.29386e-12 8.38017 9.32119 0 0 0 5.96604 0 0 0 5.96604 -7.08442 1 
0.790444 0.493062 0 0 2.28177e-12 8.38891 9.20489 0 0 0 5.88316 0 0 0 5.88316 -6.9904 1 
0.791694 0.496865 0 0 2.26976e-12 8.39762 9.08798 0 0 0 5.80013 0 0 0 5.80013 -6.89608 1 
0.792944 0.500668 0 0 2.25781e-12 8.40631 8.97047 0 0 0 5.71696 0 0 0 5.71696 -6.80146 1 
0.794194 0.504473 0 0 2.24591e-12 8.41498 8.85235 0 0 0 5.63363 0 0 0 5.63363 -6.70654 1 
0.795444 0.508278 0 0 2.23405e-12 8.42363 8.73363 0 0 0 5.55016 0 0 0 5.55016 -6.61132 1 
0.796694 0.512085 0 0 2.22227e-12 8.43225 8.61431 0 0 0 5.46654 0 0 0 5.46654 -6.51579 1 
0.797944 0.515893 0 0 2.21053e-12 8.44086 8.49438 0 0 0 5.38277 0 0 0 5.38277 -6.41998 1 
0.799194 0.519701 0 0 2.19885e-12 8.44944 8.37385 0 0 0 5.29886 0 0 0 5.29886 -6.32386 1 
0.800444 0.523511 0 0 2.18722e-12 8.458 8.25271 0 0 0 5.21481 0 0 0 5.21481 -6.22744 1 
0.801694 0.527321 0 0 2.17565e-12 8.46654 8.13097 0 0 0 5.13062 0 0 0 5.13062 -6.13073 1 
0.802944 0.531132 0 0 2.16413e-12 8.47506 8.00863 0 0 0 5.04628 0 0 0 5.04628 -6.03373 1 
0.804194 0.534944 0 0 2.15267e-12 8.48356 7.88569 0 0 0 4.9618 0 0 0 4.9618 -5.93643 1 
0.805444 0.538757 0 0 2.14126e-12 8.49204 7.76214 0 0 0 4.87717 0 0 0 4.87717 -5.83883 1 
0.806694 0.54257 0 0 2.12988e-12 8.50049 7.63799 0 0 0 4.79241 0 0 0 4.79241 -5.74094 1 
0.807944 0.546385 0 0 2.11857e-12 8.50893 7.51323 0 0 0 4.70751 0 0 0 4.70751 -5.64275 1 
0.809194 0.5502 0 0 2.10729e-12 8.51734 7.38787 0 0 0 4.62247 0 0 0 4.62247 -5.54427 1 
0.810444 0.554015 0 0 2.09607e-12 8.52573 7.26191 0 0 0 4.5373 0 0 0 4.5373 -5.4455 1 
0.811694 0.557832 0 0 2.08488e-12 8.53411 7.13535 0 0 0 4.45198 0 0 0 4.45198 -5.34644 1 
0.812944 0.561648 0 0 2.07374e-12 8.54246 7.00819 0 0 0 4.36653 0 0 0 4.36653 -5.24708 1 
0.814194 0.565466 0 0 2.06265e-12 8.55079 6.88042 0 0 0 4.28094 0 0 0 4.28094 -5.14743 1 
0.815444 0.569284 0 0 2.05159e-12 8.5591 6.75205 0 0 0 4.19522 0 0 0 4.19522 -5.0475 1 
0.816694 0.573103 0 0 2.04057e-12 8.56739 6.62308 0 0 0 4.10936 0 0 0 4.10936 -4.94727 1 
0.817944 0.576922 0 0 2.02959e-12 8.57566 6.4935 0 0 0 4.02337 0 0 0 4.02337 -4.84675 1 
0.819194 0.580742 0 0 2.01867e-12 8.58392 6.36332 0 0 0 3.93725 0 0 0 3.93725 -4.74594 1 
0.820444 0.584562 0 0 2.00777e-12 8.59215 6.23254 0 0 0 3.85099 0 0 0 3.85099 -4.64484 1 
0.821694 0.588383 0 0 1.99693e-12 8.60036 6.10116 0 0 0 3.7646 0 0 0 3.7646 -4.54345 1 
0.822944 0.592204 0 0 1.98612e-12 8.60855 5.96918 0 0 0 3.67808 0 0 0 3.67808 -4.44178 1 
0.824194 0.596026 0 0 1.97536e-12 8.61672 5.83659 0 0 0 3.59142 0 0 0 3.59142 -4.33981 1 
0.825444 0.599847 0 0 1.96463e-12 8.62487 5.7034 0 0 0 3.50464 0 0 0 3.50464 -4.23756 1 
0.826694 0.60367 0 0 1.95394e-12 8.633 5.56961 0 0 0 3.41773 0 0 0 3.41773 -4.13502 1 
0.827944 0.607493 0 0 1.9433e-12 8.64111 5.43522 0 0 0 3.33068 0 0 0 3.33068 -4.0322 1 
0.829194 0.611316 0 0 1.93269e-12 8.6492 5.30023 0 0 0 3.24351 0 0 0 3.24351 -3.92908 1 
0.830444 0.615139 0 0 1.92211e-12 8.65728 5.16463 0 0 0 3.15621 0 0 0 3.15621 -3.82568 1 
0.831694 0.618963 0 0 1.91156e-12 8.66533 5.02843 0 0 0 3.06878 0 0 0 3.06878 -3.722 1 
0.832944 0.622787 0 0 1.90105e-12 8.67336 4.89163 0 0 0 2.98123 0 0 0 2.98123 -3.61803 1 
0.834194 0.626611 0 0 1.89057e-12 8.68138 4.75423 0 0 0 2.89354 0 0 0 2.89354 -3.51377 1 
0.835444 0.630435 0 0 1.88012e-12 8.68937 4.61623 0 0 0 2.80573 0 0 0 2.80573 -3.40923 1 
0.836694 0.63426 0 0 1.86971e-12 8.69735 4.47762 0 0 0 2.7178 0 0 0 2.7178 -3.30441 1 
0.837944 0.638085 0 0 1.85932e-12 8.70531 4.33842 0 0 0 2.62974 0 0 0 2.62974 -3.1993 1 
0.839194 0.64191 0 0 1.84897e-12 8.71324 4.19861 0 0 0 2.54155 0 0 0 2.54155 -3.0939 1 
0.840444 0.645736 0 0 1.83865e-12 8.72116 4.0582 0 0 0 2.45324 0 0 0 2.45324 -2.98823 1 
0.841694 0.649561 0 0 1.82836e-12 8.72906 3.91719 0 0 0 2.3648 0 0 0 2.3648 -2.88227 1 
0.842944 0.653387 0 0 1.8181e-12 8.73695 3.77557 0 0 0 2.27625 0 0 0 2.27625 -2.77602 1 
0.844194 0.657213 0 0 1.80788e-12 8.74481 3.63336 0 0 0 2.18756 0 0 0 2.18756 -2.6695 1 
0.845444 0.661038 0 0 1.79769e-12 8.75265 3.49054 0 0 0 2.09876 0 0 0 2.09876 -2.56269 1 
0.846694 0.664864 0 0 1.78751e-12 8.76048 3.34712 0 0 0 2.00983 0 0 0 2.00983 -2.4556 1 
0.847944 0.66869 0 0 1.77736e-12 8.76829 3.2031 0 0 0 1.92078 0 0 0 1.92078 -2.34822 1 
0.849194 0.672517 0 0 1.76726e-12 8.77608 3.05848 0 0 0 1.83161 0 0 0 1.83161 -2.24057 1 
0.850444 0.676343 0 0 1.75716e-12 8.78385 2.91326 0 0 0 1.74232 0 0 0 1.74232 -2.13263 1 
0.851694 0.680169 0 0 1.74709e-12 8.7916 2.76744 0 0 0 1.65291 0 0 0 1.65291 -2.02442 1 
0.852944 0.683995 0 0 1.73703e-12 8.79934 2.62102 0 0 0 1.56338 0 0 0 1.56338 -1.91592 1 
0.854194 0.687821 0 0 1.72699e-12 8.80705 2.47399 0 0 0 1.47373 0 0 0 1.47373 -1.80715 1 
0.855444 0.691647 0 0 1.71696e-12 8.81475 2.32637 0 0 0 1.38396 0 0 0 1.38396 -1.69809 1 
0.856694 0.695473 0 0 1.70695e-12 8.82243 2.17815 0 0 0 1.29407 0 0 0 1.29407 -1.58876 1 
0.857944 0.699299 0 0 1.69694e-12 8.83009 2.02932 0 0 0 1.20406 0 0 0 1.20406 -1.47915 1 
0.859194 0.703125 0 0 1.68695e-12 8.83774 1.87991 0 0 0 1.11394 0 0 0 1.11394 -1.36926 1 
0.860444 0.706951 0 0 1.67694e-12 8.84536 1.72989 0 0 0 1.0237 0 0 0 1.0237 -1.2591 1 
0.861694 0.710776 0 0 1.66693e-12 8.85297 1.57928 0 0 0 0.933348 0 0 0 0.933348 -1.14866 1 
0.862944 0.714601 0 0 1.65688e-12 8.86056 1.42808 0 0 0 0.842883 0 0 0 0.842883 -1.03795 1 
0.864194 0.718426 0 0 1.64677e-12 8.86814 1.27628 0 0 0 0.752307 0 0 0 0.752307 -0.926966 1 
0.865444 0.72225 0 0 1.63657e-12 8.87569 1.12391 0 0 0 0.661624 0 0 0 0.661624 -0.815718 1 
0.866694 0.726073 0 0 1.6262e-12 8.88323 0.970951 0 0 0 0.570839 0 0 0 0.570839 -0.704209 1 
0.867944 0.729896 0 0 1.61551e-12 8.89074 0.817432 0 0 0 0.479958 0 0 0 0.479958 -0.592449 1 
0.869194 0.733717 0 0 1.60421e-12 8.89824 0.663372 0 0 0 0.388997 0 0 0 0.388997 -0.480455 1 
0.870444 0.737535 0 0 1.59156e-12 8.90571 0.508819 0 0 0 0.297982 0 0 0 0.297982 -0.368261 1 
0.871694 0.741347 0 0 1.57519e-12 8.91316 0.353886 0 0 0 0.206981 0 0 0 0.206981 -0.25595 1 
0.872944 0.745144 0 0 1.54314e-12 8.92056 0.198972 0 0 0 0.116226 0 0 0 0.116226 -0.143808 1 
0.874194 0.748834 0 0 1.21549e-12 8.92774 0.0478772 0 0 0 0.0279318 0 0 0 0.0279318 -0.0345802 1 
0.875444 0.749999 0 0 8.74634e-18 8.93 2.08983e-05 0 0 0 1.21874e-05 0 0 0 1.21874e-05 -1.5091e-05 1 
0.876694 0.75 0 0 0 8.93 1.78587e-07 0 0 0 1.04147e-07 0 0 0 1.04147e-07 -1.2896e-07 1 
0.877944 0.75 0 0 3.4639e-19 8.93 8.37439e-11 0 0 0 4.88298e-11 0 0 0 4.88298e-11 -6.04678e-11 1 
0.879194 0.75 0 0 0 8.93 1.68781e-13 0 0 0 1.05329e-13 0 0 0 1.05329e-13 -1.2648e-13 1 
0.880444 0.75 0 0 0 8.93 1.68781e-13 0 0 0 1.05329e-13 0 0 0 1.05329e-13 -1.2648e-13 1 
0.881694 0.75 0 0 0 8.93 1.68781e-13 0 0 0 1.05329e-13 0 0 0 1.05329e-13 -1.2648e-13 1 
0.882944 0.75 0 0 0 8.93 1.68781e-13 0 0 0 1.05329e-13 0 0 0 1.05329e-13 -1.2648e-13 1 
0.884194 0.75 0 0 0 8.93 1.68781e-13 0 0 0 1.05329e-13 0 0 0 1.05329e-13 -1.2648e-13 1 
0.885444 0.75 0 0 0 8.93 1.68781e-13 0 0 0 1.05329e-13 0 0 0 1.05329e-13 -1.2648e-13 1 
0.886694 0.75 0 0 0 8.93 1.68781e-13 0 0 0 1.05329e-13 0 0 0 1.05329e-13 -1.2648e-13 1 
0.887944 0.75 0 0 0 8.93 1.68781e-13 0 0 0 1.05329e-13 0 0 0 1.05329e-13 -1.2648e-13 1 
0.889194 0.75 0 0 0 8.93 1.68781e-13 0 0 0 1.05329e-13 0 0 0 1.05329e-13 -1.2648e-13 1 
0.890444 0.75 0 0 0 8.93 1.68781e-13 0 0 0 1.05329e-13 0 0 0 1.05329e-13 -1.2648e-13 1 
0.891694 0.75 0 0 0 8.93 1.68781e-13 0 0 0 1.05329e-13 0 0 0 1.05329e-13 -1.2648e-13 1 
0.892944 0.75 0 0 0 8.93 1.68781e-13 0 0 0 1.05329e-13 0 0 0 1.05329e-13 -1.2648e-13 1 
0.894194 0.75 0 0 0 8.93 1.68781e-13 0 0 0 1.05329e-13 0 0 0 1.05329e-13 -1.2648e-13 1 
0.895444 0.75 0 0 0 8.93 1.68781e-13 0 0 0 1.05329e-13 0 0 0 1.05329e-13 -1.2648e-13 1 
0.896694 0.75 0 0 0 8.93 1.68781e-13 0 0 0 1.05329e-13 0 0 0 1.05329e-13 -1.2648e-13 1 
0.897944 0.75 0 0 0 8.93 1.68781e-13 0 0 0 1.05329e-13 0 0 0 1.05329e-13 -1.2648e-13 1 
0.899194 0.75 0 0 0 8.93 1.68781e-13 0 0 0 1.05329e-13 0 0 0 1.05329e-13 -1.2648e-13 1 
0.900444 0.75 0 0 0 8.93 1.68781e-13 0 0 0 1.05329e-13 0 0 0 1.05329e-13 -1.2648e-13 1 
0.901694 0.75 0 0 0 8.93 1.68781e-13 0 0 0 1.05329e-13 0 0 0 1.05329e-13 -1.2648e-13 1 
0.902944 0.75 0 0 0 8.93 1.68781e-13 0 0 0 1.05329e-13 0 0 0 1.05329e-13 -1.2648e-13 1 
0.904194 0.75 0 0 0 8.93 1.68781e-13 0 0 0 1.05329e-13 0 0 0 1.05329e-13 -1.2648e-13 1 
0.905444 0.75 0 0 0 8.93 1.68781e-13 0 0 0 1.05329e-13 0 0 0 1.05329e-13 -1.2648e-13 1 
0.906694 0.75 0 0 0 8.93 1.68781e-13 0 0 0 1.05329e-13 0 0 0 1.05329e-13 -1.2648e-13 1 
0.907944 0.75 0 0 0 8.93 1.68781e-13 0 0 0 1.05329e-13 0 0 0 1.05329e-13 -1.2648e-13 1 
0.909194 0.75 0 0 0 8.93 1.68781e-13 0 0 0 1.05329e-13 0 0 0 1.05329e-13 -1.2648e-13 1 
0.910444 0.75 0 0 0 8.93 1.68781e-13 0 0 0 1.05329e-13 0 0 0 1.05329e-13 -1.2648e-13 1 
0.911694 0.75 0 0 0 8.93 1.68781e-13 0 0 0 1.05329e-13 0 0 0 1.05329e-13 -1.2648e-13 1 
0.912944 0.75 0 0 0 8.93 1.68781e-13 0 0 0 1.05329e-13 0 0 0 1.05329e-13 -1.2648e-13 1 
0.914194 0.75 0 0 0 8.93 1.68781e-13 0 0 0 1.05329e-13 0 0 0 1.05329e-13 -1.2648e-13 1 
0.915444 0.75 0 0 0 8.93 1.68781e-13 0 0 0 1.05329e-13 0 0 0 1.05329e-13 -1.2648e-13 1 
0.916694 0.75 0 0 0 8.93 0 0 0 0 0 0 0 0 0 -0 1 
0.917944 0.75 0 0 0 8.93 0 0 0 0 0 0 0 0 0 -0 1 
0.919194 0.75 0 0 0 8.93 0 0 0 0 0 0 0 0 0 -0 1 
0.920444 0.75 0 0 0 8.93 0 0 0 0 0 0 0 0 0 -0 1 
0.921694 0.75 0 0 0 8.93 0 0 0 0 0 0 0 0 0 -0 1 
0.922944 0.75 0 0 0 8.93 0 0 0 0 0 0 0 0 0 -0 1 
0.924194 0.75 0 0 0 8.93 0 0 0 0 0 0 0 0 0 -0 1 
0.925444 0.75 0 0 0 8.93 0 0 0 0 0 0 0 0 0 -0 1 
0.926694 0.75 0 0 0 8.93 0 0 0 0 0 0 0 0 0 -0 1 
0.927944 0.75 0 0 0 8.93 0 0 0 0 0 0 0 0 0 -0 1 
0.929194 0.75 0 0 0 8.93 0 0 0 0 0 0 0 0 0 -0 1 
0.930444 0.75 0 0 0 8.93 0 0 0 0 0 0 0 0 0 -0 1 
0.931694 0.75 0 0 0 8.93 0 0 0 0 0 0 0 0 0 -0 1 
0.932944 0.75 0 0 0 8.93 0 0 0 0 0 0 0 0 0 -0 1 
0.934194 0.75 0 0 0 8.93 0 0 0 0 0 0 0 0 0 -0 1 
0.935444 0.75 0 0 0 8.93 0 0 0 0 0 0 0 0 0 -0 1 
0.936694 0.75 0 0 0 8.93 0 0 0 0 0 0 0 0 0 -0 1 
0.937944 0.75 0 0 0 8.93 0 0 0 0 0 0 0 0 0 -0 1 
0.939194 0.75 0 0 0 8.93 0 0 0 0 0 0 0 0 0 -0 1 
0.940444 0.75 0 0 0 8.93 0 0 0 0 0 0 0 0 0 -0 1 
0.941694 0.75 0 0 0 8.93 0 0 0 0 0 0 0 0 0 -0 1 
0.942944 0.75 0 0 0 8.93 0 0 0 0 0 0 0 0 0 -0 1 
0.944194 0.75 0 0 0 8.93 0 0 0 0 0 0 0 0 0 -0 1 
0.945444 0.75 0 0 0 8.93 0 0 0 0 0 0 0 0 0 -0 1 
0.946694 0.75 0 0 0 8.93 0 0 0 0 0 0 0 0 0 -0 1 
0.947944 0.75 0 0 0 8.93 0 0 0 0 0 0 0 0 0 -0 1 
0.949194 0.75 0 0 0 8.93 0 0 0 0 0 0 0 0 0 -0 1 
0.950444 0.75 0 0 0 8.93 0 0 0 0 0 0 0 0 0 -0 1 
0.951694 0.75 0 0 0 8.93 0 0 0 0 0 0 0 0 0 -0 1 
0.952944 0.75 0 0 0 8.93 0 0 0 0 0 0 0 0 0 -0 1 
0.954194 0.75 0 0 0 8.93 0 0 0 0 0 0 0 0 0 -0 1 
0.955444 0.75 0 0 0 8.93 0 0 0 0 0 0 0 0 0 -0 1 
0.956694 0.75 0 0 0 8.93 0 0 0 0 0 0 0 0 0 -0 1 
0.957944 0.75 0 0 0 8.93 0 0 0 0 0 0 0 0 0 -0 1 
0.959194 0.75 0 0 0 8.93 0 0 0 0 0 0 0 0 0 -0 1 
0.960444 0.75 0 0 0 8.93 0 0 0 0 0 0 0 0 0 -0 1 
0.961694 0.75 0 0 0 8.93 0 0 0 0 0 0 0 0 0 -0 1 
0.962944 0.75 0 0 0 8.93 0 0 0 0 0 0 0 0 0 -0 1 
0.964194 0.75 0 0 0 8.93 0 0 0 0 0 0 0 0 0 -0 1 
0.965444 0.75 0 0 0 8.93 0 0 0 0 0 0 0 0 0 -0 1 
0.966694 0.75 0 0 0 8.93 0 0 0 0 0 0 0 0 0 -0 1 
0.967944 0.75 0 0 0 8.93 0 0 0 0 0 0 0 0 0 -0 1 
0.969194 0.75 0 0 0 8.93 0 0 0 0 0 0 0 0 0 -0 1 
0.970444 0.75 0 0 0 8.93 0 0 0 0 0 0 0 0 0 -0 1 
0.971694 0.75 0 0 0 8.93 0 0 0 0 0 0 0 0 0 -0 1 
0.972944 0.75 0 0 0 8.93 0 0 0 0 0 0 0 0 0 -0 1 
0.974194 0.75 0 0 0 8.93 0 0 0 0 0 0 0 0 0 -0 1 
0.975444 0.75 0 0 0 8.93 0 0 0 0 0 0 0 0 0 -0 1 
0.976694 0.75 0 0 0 8.93 0 0 0 0 0 0 0 0 0 -0 1 
0.977944 0.75 0 0 0 8.93 0 0 0 0 0 0 0 0 0 -0 1 
0.979194 0.75 0 0 0 8.93 0 0 0 0 0 0 0 0 0 -0 1 
0.980444 0.75 0 0 0 8.93 0 0 0 0 0 0 0 0 0 -0 1 
0.981694 0.75 0 0 0 8.93 0 0 0 0 0 0 0 0 0 -0 1 
0.982944 0.75 0 0 0 8.93 0 0 0 0 0 0 0 0 0 -0 1 
0.984194 0.75 0 0 0 8.93 0 0 0 0 0 0 0 0 0 -0 1 
0.985444 0.75 0 0 0 8.93 0 0 0 0 0 0 0 0 0 -0 1 
0.986694 0.75 0 0 0 8.93 0 0 0 0 0 0 0 0 0 -0 1 
0.987944 0.75 0 0 0 8.93 0 0 0 0 0 0 0 0 0 -0 1 
0.989194 0.75 0 0 0 8.93 0 0 0 0 0 0 0 0 0 -0 1 
0.990444 0.75 0 0 0 8.93 0 0 0 0 0 0 0 0 0 -0 1 
0.991694 0.75 0 0 0 8.93 0 0 0 0 0 0 0 0 0 -0 1 
0.992944 0.75 0 0 0 8.93 0 0 0 0 0 0 0 0 0 -0 1 
0.994194 0.75 0 0 0 8.93 0 0 0 0 0 0 0 0 0 -0 1 
0.995444 0.75 0 0 0 8.93 0 0 0 0 0 0 0 0 0 -0 1 
0.996694 0.75 0 0 0 8.93 0 0 0 0 0 0 0 0 0 -0 1 
0.997944 0.75 0 0 0 8.93 0 0 0 0 0 0 0 0 0 -0 1 
0.999194 0.75 0 0 0 8.93 0 0 0 0 0 0 0 0 0 -0 1 
