0.0005625 0 0 0 2.59792e-19 11.1625 -124.847 0 0 0 -50.4842 0 0 0 -50.4842 75.2717 1 
0.0018125 0 0 0 2.59792e-19 11.1625 -124.847 0 0 0 -50.4842 0 0 0 -50.4842 75.2717 1 
0.0030625 0 0 0 2.59792e-19 11.1625 -124.847 0 0 0 -50.4842 0 0 0 -50.4842 75.2717 1 
0.0043125 0 0 0 2.59792e-19 11.1625 -124.847 0 0 0 -50.4842 0 0 0 -50.4842 75.2717 1 
0.0055625 0 0 0 2.59792e-19 11.1625 -124.847 0 0 0 -50.4842 0 0 0 -50.4842 75.2717 1 
0.0068125 0 0 0 2.59792e-19 11.1625 -124.847 0 0 0 -50.4842 0 0 0 -50.4842 75.2717 1 
0.0080625 0 0 0 2.59792e-19 11.1625 -124.847 0 0 0 -50.4842 0 0 0 -50.4842 75.2717 1 
0.0093125 0 0 0 2.59792e-19 11.1625 -124.847 0 0 0 -50.4842 0 0 0 -50.4842 75.2717 1 
0.0105625 0 0 0 2.59792e-19 11.1625 -124.847 0 0 0 -50.4842 0 0 0 -50.4842 75.2717 1 
0.0118125 0 0 0 2.59792e-19 11.1625 -124.847 0 0 0 -50.4842 0 0 0 -50.4842 75.2717 1 
0.0130625 0 0 0 2.59792e-19 11.1625 -124.847 0 0 0 -50.4842 0 0 0 -50.4842 75.2717 1 
0.0143125 0 0 0 2.59792e-19 11.1625 -124.847 0 0 0 -50.4842 0 0 0 -50.4842 75.2717 1 
0.0155625 0 0 0 2.59792e-19 11.1625 -124.847 0 0 0 -50.4842 0 0 0 -50.4842 75.2717 1 
0.0168125 0 0 0 2.59792e-19 11.1625 -124.847 0 0 0 -50.4842 0 0 0 -50.4842 75.2717 1 
0.0180625 0 0 0 2.59792e-19 11.1625 -124.847 0 0 0 -50.4842 0 0 0 -50.4842 75.2717 1 
0.0193125 0 0 0 2.59792e-19 11.1625 -124.847 0 0 0 -50.4842 0 0 0 -50.4842 75.2717 1 
0.0205625 0 0 0 2.59792e-19 11.1625 -124.847 0 0 0 -50.4842 0 0 0 -50.4842 75.2717 1 
0.0218125 0 0 0 2.59792e-19 11.1625 -124.847 0 0 0 -50.4842 0 0 0 -50.4842 75.2717 1 
0.0230625 0 0 0 2.59792e-19 11.1625 -124.847 0 0 0 -50.4842 0 0 0 -50.4842 75.2717 1 
0.0243125 0 0 0 2.59792e-19 11.1625 -124.847 0 0 0 -50.4842 0 0 0 -50.4842 75.2717 1 
0.0255625 0 0 0 2.59792e-19 11.1625 -124.847 0 0 0 -50.4842 0 0 0 -50.4842 75.2717 1 
0.0268125 0 0 0 2.59792e-19 11.1625 -124.847 0 0 0 -50.4842 0 0 0 -50.4842 75.2717 1 
0.0280625 0 0 0 2.59792e-19 11.1625 -124.847 0 0 0 -50.4842 0 0 0 -50.4842 75.2717 1 
0.0293125 0 0 0 2.59792e-19 11.1625 -124.847 0 0 0 -50.4842 0 0 0 -50.4842 75.2717 1 
0.0305625 0 0 0 2.59792e-19 11.1625 -124.847 0 0 0 -50.4842 0 0 0 -50.4842 75.2717 1 
0.0318125 0 0 0 2.59792e-19 11.1625 -124.847 0 0 0 -50.4842 0 0 0 -50.4842 75.2717 1 
0.0330625 0 0 0 2.59792e-19 11.1625 -124.847 0 0 0 -50.4842 0 0 0 -50.4842 75.2717 1 
0.0343125 0 0 0 2.59792e-19 11.1625 -124.847 0 0 0 -50.4842 0 0 0 -50.4842 75.2717 1 
0.0355625 0 0 0 2.59792e-19 11.1625 -124.847 0 0 0 -50.4842 0 0 0 -50.4842 75.2717 1 
0.0368125 0 0 0 2.59792e-19 11.1625 -124.847 0 0 0 -50.4842 0 0 0 -50.4842 75.2717 1 
0.0380625 0 0 0 2.59792e-19 11.1625 -124.847 0 0 0 -50.4842 0 0 0 -50.4842 75.2717 1 
0.0393125 0 0 0 2.59792e-19 11.1625 -124.847 0 0 0 -50.4842 0 0 0 -50.4842 75.2717 1 
0.0405625 0 0 0 2.59792e-19 11.1625 -124.847 0 0 0 -50.4842 0 0 0 -50.4842 75.2717 1 
0.0418125 0 0 0 2.59792e-19 11.1625 -124.847 0 0 0 -50.4842 0 0 0 -50.4842 75.2717 1 
0.0430625 0 0 0 2.59792e-19 11.1625 -124.847 0 0 0 -50.4842 0 0 0 -50.4842 75.2717 1 
0.0443125 0 0 0 2.59792e-19 11.1625 -124.847 0 0 0 -50.4842 0 0 0 -50.4842 75.2717 1 
0.0455625 0 0 0 2.59792e-19 11.1625 -124.847 0 0 0 -50.4842 0 0 0 -50.4842 75.2717 1 
0.0468125 0 0 0 2.59792e-19 11.1625 -124.847 0 0 0 -50.4842 0 0 0 -50.4842 75.2717 1 
0.0480625 0 0 0 2.59792e-19 11.1625 -124.847 0 0 0 -50.4842 0 0 0 -50.4842 75.2717 1 
0.0493125 0 0 0 2.59792e-19 11.1625 -124.847 0 0 0 -50.4842 0 0 0 -50.4842 75.2717 1 
0.0505625 0 0 0 2.59792e-19 11.1625 -124.847 0 0 0 -50.4842 0 0 0 -50.4842 75.2717 1 
0.0518125 0 0 0 2.59792e-19 11.1625 -124.847 0 0 0 -50.4842 0 0 0 -50.4842 75.2717 1 
0.0530625 0 0 0 2.59792e-19 11.1625 -124.847 0 0 0 -50.4842 0 0 0 -50.4842 75.2717 1 
0.0543125 0 0 0 2.59792e-19 11.1625 -124.847 0 0 0 -50.4842 0 0 0 -50.4842 75.2717 1 
0.0555625 0 0 0 2.59792e-19 11.1625 -124.847 0 0 0 -50.4842 0 0 0 -50.4842 75.2717 1 
0.0568125 0 0 0 2.59792e-19 11.1625 -124.847 0 0 0 -50.4842 0 0 0 -50.4842 75.2717 1 
0.0580625 0 0 0 2.59792e-19 11.1625 -124.847 0 0 0 -50.4842 0 0 0 -50.4842 75.2717 1 
0.0593125 0 0 0 2.59792e-19 11.1625 -124.847 0 0 0 -50.4842 0 0 0 -50.4842 75.2717 1 
0.0605625 0 0 0 2.59792e-19 11.1625 -124.847 0 0 0 -50.4842 0 0 0 -50.4842 75.2717 1 
0.0618125 0 0 0 2.59792e-19 11.1625 -124.847 0 0 0 -50.4842 0 0 0 -50.4842 75.2717 1 
0.0630625 0 0 0 2.59792e-19 11.1625 -124.847 0 0 0 -50.4842 0 0 0 -50.4842 75.2717 1 
0.0643125 0 0 0 2.59792e-19 11.1625 -124.847 0 0 0 -50.4842 0 0 0 -50.4842 75.2717 1 
0.0655625 0 0 0 2.59792e-19 11.1625 -124.847 0 0 0 -50.4842 0 0 0 -50.4842 75.2717 1 
0.0668125 0 0 0 2.59792e-19 11.1625 -124.847 0 0 0 -50.4842 0 0 0 -50.4842 75.2717 1 
0.0680625 0 0 0 2.59792e-19 11.1625 -124.847 0 0 0 -50.4842 0 0 0 -50.4842 75.2717 1 
0.0693125 0 0 0 2.59792e-19 11.1625 -124.847 0 0 0 -50.4842 0 0 0 -50.4842 75.2717 1 
0.0705625 0 0 0 2.59792e-19 11.1625 -124.847 0 0 0 -50.4842 0 0 0 -50.4842 75.2717 1 
0.0718125 0 0 0 2.59792e-19 11.1625 -124.847 0 0 0 -50.4842 0 0 0 -50.4842 75.2717 1 
0.0730625 0 0 0 2.59792e-19 11.1625 -124.847 0 0 0 -50.4842 0 0 0 -50.4842 75.2717 1 
0.0743125 0 0 0 2.59792e-19 11.1625 -124.847 0 0 0 -50.4842 0 0 0 -50.4842 75.2717 1 
0.0755625 0 0 0 2.59792e-19 11.1625 -124.847 0 0 0 -50.4842 0 0 0 -50.4842 75.2717 1 
0.0768125 0 0 0 2.59792e-19 11.1625 -124.847 0 0 0 -50.4842 0 0 0 -50.4842 75.2717 1 
0.0780625 0 0 0 2.59792e-19 11.1625 -124.847 0 0 0 -50.4842 0 0 0 -50.4842 75.2717 1 
0.0793125 1.63231e-14 0 0 1.29896e-18 11.1625 -124.847 0 0 0 -50.4842 0 0 0 -50.4842 75.2717 1 
0.0805625 3.04126e-15 0 0 9.35252e-18 11.1625 -124.847 0 0 0 -50.4842 0 0 0 -50.4842 75.2717 1 
0.0818125 3.09957e-15 0 0 9.61231e-18 11.1625 -124.847 0 0 0 -50.4842 0 0 0 -50.4842 75.2717 1 
0.0830625 3.09957e-15 0 0 9.35252e-18 11.1625 -124.847 0 0 0 -50.4842 0 0 0 -50.4842 75.2717 1 
0.0843125 3.09957e-15 0 0 9.09273e-18 11.1625 -124.847 0 0 0 -50.4842 0 0 0 -50.4842 75.2717 1 
0.0855625 6.2554e-15 0 0 1.35958e-17 11.1625 -124.847 0 0 0 -50.4842 0 0 0 -50.4842 75.2717 1 
0.0868125 4.49716e-15 0 0 7.01439e-18 11.1625 -124.847 0 0 0 -50.4842 0 0 0 -50.4842 75.2717 1 
0.0880625 3.09364e-15 0 0 1.03051e-17 11.1625 -124.847 0 0 0 -50.4842 0 0 0 -50.4842 75.2717 1 
0.0893125 4.26487e-15 0 0 7.70717e-18 11.1625 -124.847 0 0 0 -50.4842 0 0 0 -50.4842 75.2717 1 
0.0905625 1.06271e-14 0 0 1.18638e-17 11.1625 -124.847 0 0 0 -50.4842 0 0 0 -50.4842 75.2717 1 
0.0918125 1.06271e-14 0 0 1.18638e-17 11.1625 -124.847 0 0 0 -50.4842 0 0 0 -50.4842 75.2717 1 
0.0930625 1.06271e-14 0 0 1.18638e-17 11.1625 -124.847 0 0 0 -50.4842 0 0 0 -50.4842 75.2717 1 
0.0943125 7.56514e-15 0 0 4.84945e-18 11.1625 -124.847 0 0 0 -50.4842 0 0 0 -50.4842 75.2717 1 
0.0955625 1.00271e-14 0 0 0 11.1625 -124.847 0 0 0 -50.4842 0 0 0 -50.4842 75.2717 1 
0.0968125 1.00736e-14 0 0 0 11.1625 -124.847 0 0 0 -50.4842 0 0 0 -50.4842 75.2717 1 
0.0980625 1.07378e-14 0 0 1.09113e-17 11.1625 -124.847 0 0 0 -50.4842 0 0 0 -50.4842 75.2717 1 
0.0993125 4.42601e-15 0 0 6.23501e-18 11.1625 -124.847 0 0 0 -50.4842 0 0 0 -50.4842 75.2717 1 
0.100562 1.6929e-14 0 0 3.11751e-18 11.1625 -124.847 0 0 0 -50.4842 0 0 0 -50.4842 75.2717 1 
0.101813 1.78837e-14 0 0 4.24327e-18 11.1625 -124.847 0 0 0 -50.4842 0 0 0 -50.4842 75.2717 1 
0.103063 2.13125e-14 0 0 1.2903e-17 11.1625 -124.847 0 0 0 -50.4842 0 0 0 -50.4842 75.2717 1 
0.104313 2.8505e-14 0 0 1.57607e-17 11.1625 -124.847 0 0 0 -50.4842 0 0 0 -50.4842 75.2717 1 
0.105563 3.18121e-14 0 0 2.22555e-17 11.1625 -124.847 0 0 0 -50.4842 0 0 0 -50.4842 75.2717 1 
0.106813 3.22381e-14 0 0 1.247e-17 11.1625 -124.847 0 0 0 -50.4842 0 0 0 -50.4842 75.2717 1 
0.108063 3.25761e-14 0 0 1.38556e-17 11.1625 -124.847 0 0 0 -50.4842 0 0 0 -50.4842 75.2717 1 
0.109313 3.08978e-14 0 0 2.10432e-17 11.1625 -124.847 0 0 0 -50.4842 0 0 0 -50.4842 75.2717 1 
0.110562 3.17933e-14 0 0 1.22102e-17 11.1625 -124.847 0 0 0 -50.4842 0 0 0 -50.4842 75.2717 1 
0.111812 3.1049e-14 0 0 2.087e-17 11.1625 -124.847 0 0 0 -50.4842 0 0 0 -50.4842 75.2717 1 
0.113062 1.49388e-13 0 0 1.78391e-17 11.1625 -124.847 0 0 0 -50.4842 0 0 0 -50.4842 75.2717 1 
0.114312 3.24157e-12 0 0 2.29483e-17 11.1625 -124.847 0 0 0 -50.4842 0 0 0 -50.4842 75.2717 1 
0.115562 5.14375e-11 0 0 2.37277e-17 11.1625 -124.847 0 0 0 -50.4842 0 0 0 -50.4842 75.2717 1 
0.116812 5.77206e-10 0 0 1.82721e-17 11.1625 -124.847 0 0 0 -50.4842 0 0 0 -50.4842 75.2717 1 
0.118063 4.65164e-09 0 0 1.93112e-17 11.1625 -124.847 0 0 0 -50.4842 0 0 0 -50.4842 75.2717 1 
0.119313 2.73236e-08 0 0 1.97442e-17 11.1625 -124.847 0 0 0 -50.4842 0 0 0 -50.4842 75.2717 1 
0.120563 1.41477e-07 0 0 1.18638e-17 11.1625 -124.847 0 0 0 -50.4842 0 0 0 -50.4842 75.2717 1 
0.121813 1.0452e-06 0 0 6.38223e-17 11.1625 -124.847 0 0 0 -50.4841 0 0 0 -50.4841 75.2717 1 
0.123063 2.71977e-05 0 0 3.7978e-14 11.1625 -124.844 0 0 0 -50.4831 0 0 0 -50.4831 75.2699 1 
0.124313 0.000358467 0 0 3.5847e-12 11.1621 -124.804 0 0 0 -50.4696 0 0 0 -50.4696 75.2479 1 
0.125562 0.00211547 0 0 5.30686e-11 11.1603 -124.597 0 0 0 -50.3982 0 0 0 -50.3982 75.1311 1 
0.126812 0.00624079 0 0 1.64968e-10 11.1559 -124.11 0 0 0 -50.2308 0 0 0 -50.2308 74.8571 1 
0.128062 0.0118684 0 0 2.30828e-10 11.15 -123.447 0 0 0 -50.0028 0 0 0 -50.0028 74.4841 1 
0.129312 0.0180026 0 0 2.53358e-10 11.1435 -122.726 0 0 0 -49.7548 0 0 0 -49.7548 74.0784 1 
0.130562 0.0242973 0 0 2.62641e-10 11.1368 -121.988 0 0 0 -49.5007 0 0 0 -49.5007 73.6632 1 
0.131812 0.0306602 0 0 2.67853e-10 11.1301 -121.245 0 0 0 -49.2445 0 0 0 -49.2445 73.2446 1 
0.133063 0.0370596 0 0 2.71396e-10 11.1233 -120.499 0 0 0 -48.9873 0 0 0 -48.9873 72.8246 1 
0.134313 0.0434814 0 0 2.74105e-10 11.1164 -119.753 0 0 0 -48.7297 0 0 0 -48.7297 72.4043 1 
0.135563 0.049918 0 0 2.76348e-10 11.1096 -119.008 0 0 0 -48.4721 0 0 0 -48.4721 71.9841 1 
0.136813 0.0563651 0 0 2.78306e-10 11.1027 -118.264 0 0 0 -48.2146 0 0 0 -48.2146 71.5643 1 
0.138063 0.06282 0 0 2.80082e-10 11.0958 -117.521 0 0 0 -47.9573 0 0 0 -47.9573 71.1451 1 
0.139313 0.0692807 0 0 2.81734e-10 11.0889 -116.779 0 0 0 -47.7004 0 0 0 -47.7004 70.7266 1 
0.140563 0.0757462 0 0 2.83299e-10 11.0819 -116.039 0 0 0 -47.4438 0 0 0 -47.4438 70.309 1 
0.141813 0.0822154 0 0 2.84802e-10 11.0749 -115.301 0 0 0 -47.1876 0 0 0 -47.1876 69.8922 1 
0.143063 0.0886878 0 0 2.8626e-10 11.068 -114.565 0 0 0 -46.9318 0 0 0 -46.9318 69.4763 1 
0.144313 0.0951629 0 0 2.87683e-10 11.061 -113.831 0 0 0 -46.6765 0 0 0 -46.6765 69.0613 1 
0.145563 0.10164 0 0 2.8908e-10 11.054 -113.099 0 0 0 -46.4216 0 0 0 -46.4216 68.6473 1 
0.146813 0.108119 0 0 2.90456e-10 11.047 -112.368 0 0 0 -46.1671 0 0 0 -46.1671 68.2342 1 
0.148063 0.114601 0 0 2.91817e-10 11.0399 -111.64 0 0 0 -45.9132 0 0 0 -45.9132 67.8222 1 
0.149312 0.121083 0 0 2.93165e-10 11.0329 -110.914 0 0 0 -45.6597 0 0 0 -45.6597 67.4112 1 
0.150562 0.127567 0 0 2.94504e-10 11.0258 -110.19 0 0 0 -45.4067 0 0 0 -45.4067 67.0011 1 
0.151812 0.134053 0 0 2.95834e-10 11.0187 -109.468 0 0 0 -45.1542 0 0 0 -45.1542 66.5921 1 
0.153062 0.140539 0 0 2.97159e-10 11.0116 -108.748 0 0 0 -44.9021 0 0 0 -44.9021 66.1842 1 
0.154312 0.147027 0 0 2.98479e-10 11.0045 -108.03 0 0 0 -44.6506 0 0 0 -44.6506 65.7772 1 
0.155562 0.153516 0 0 2.99795e-10 10.9974 -107.315 0 0 0 -44.3995 0 0 0 -44.3995 65.3713 1 
0.156812 0.160006 0 0 3.01108e-10 10.9903 -106.601 0 0 0 -44.149 0 0 0 -44.149 64.9664 1 
0.158062 0.166496 0 0 3.02419e-10 10.9831 -105.89 0 0 0 -43.8989 0 0 0 -43.8989 64.5626 1 
0.159312 0.172988 0 0 3.03728e-10 10.976 -105.181 0 0 0 -43.6494 0 0 0 -43.6494 64.1598 1 
0.160562 0.17948 0 0 3.05037e-10 10.9688 -104.473 0 0 0 -43.4003 0 0 0 -43.4003 63.758 1 
0.161812 0.185973 0 0 3.06345e-10 10.9616 -103.768 0 0 0 -43.1518 0 0 0 -43.1518 63.3573 1 
0.163062 0.192468 0 0 3.07653e-10 10.9544 -103.065 0 0 0 -42.9037 0 0 0 -42.9037 62.9576 1 
0.164313 0.198962 0 0 3.08962e-10 10.9472 -102.365 0 0 0 -42.6562 0 0 0 -42.6562 62.559 1 
0.165563 0.205458 0 0 3.10271e-10 10.9399 -101.666 0 0 0 -42.4091 0 0 0 -42.4091 62.1614 1 
0.166813 0.211954 0 0 3.11581e-10 10.9327 -100.97 0 0 0 -42.1626 0 0 0 -42.1626 61.7649 1 
0.168063 0.218451 0 0 3.12892e-10 10.9254 -100.275 0 0 0 -41.9165 0 0 0 -41.9165 61.3694 1 
0.169313 0.224949 0 0 3.14204e-10 10.9182 -99.5831 0 0 0 -41.671 0 0 0 -41.671 60.975 1 
0.170563 0.231448 0 0 3.15518e-10 10.9109 -98.893 0 0 0 -41.4259 0 0 0 -41.4259 60.5816 1 
0.171813 0.237947 0 0 3.16833e-10 10.9036 -98.2051 0 0 0 -41.1814 0 0 0 -41.1814 60.1893 1 
0.173063 0.244447 0 0 3.18151e-10 10.8962 -97.5193 0 0 0 -40.9373 0 0 0 -40.9373 59.798 1 
0.174313 0.250947 0 0 3.1947e-10 10.8889 -96.8357 0 0 0 -40.6937 0 0 0 -40.6937 59.4077 1 
0.175563 0.257448 0 0 3.20791e-10 10.8816 -96.1542 0 0 0 -40.4507 0 0 0 -40.4507 59.0185 1 
0.176813 0.26395 0 0 3.22115e-10 10.8742 -95.4749 0 0 0 -40.2081 0 0 0 -40.2081 58.6304 1 
0.178063 0.270453 0 0 3.23441e-10 10.8668 -94.7977 0 0 0 -39.966 0 0 0 -39.966 58.2432 1 
0.179313 0.276956 0 0 3.24769e-10 10.8594 -94.1226 0 0 0 -39.7244 0 0 0 -39.7244 57.8572 1 
0.180562 0.28346 0 0 3.261e-10 10.852 -93.4496 0 0 0 -39.4834 0 0 0 -39.4834 57.4721 1 
0.181812 0.289964 0 0 3.27434e-10 10.8446 -92.7788 0 0 0 -39.2428 0 0 0 -39.2428 57.0881 1 
0.183062 0.296469 0 0 3.28771e-10 10.8372 -92.1102 0 0 0 -39.0027 0 0 0 -39.0027 56.7052 1 
0.184312 0.302975 0 0 3.3011e-10 10.8297 -91.4437 0 0 0 -38.7631 0 0 0 -38.7631 56.3233 1 
0.185562 0.309482 0 0 3.31453e-10 10.8222 -90.7793 0 0 0 -38.524 0 0 0 -38.524 55.9424 1 
0.186812 0.315989 0 0 3.32798e-10 10.8148 -90.117 0 0 0 -38.2853 0 0 0 -38.2853 55.5626 1 
0.188062 0.322496 0 0 3.34147e-10 10.8073 -89.4569 0 0 0 -38.0472 0 0 0 -38.0472 55.1838 1 
0.189312 0.329005 0 0 3.35499e-10 10.7997 -88.7989 0 0 0 -37.8096 0 0 0 -37.8096 54.806 1 
0.190562 0.335514 0 0 3.36855e-10 10.7922 -88.143 0 0 0 -37.5724 0 0 0 -37.5724 54.4293 1 
0.191812 0.342024 0 0 3.38214e-10 10.7847 -87.4893 0 0 0 -37.3357 0 0 0 -37.3357 54.0536 1 
0.193062 0.348534 0 0 3.39576e-10 10.7771 -86.8377 0 0 0 -37.0995 0 0 0 -37.0995 53.6789 1 
0.194312 0.355045 0 0 3.40943e-10 10.7695 -86.1882 0 0 0 -36.8638 0 0 0 -36.8638 53.3053 1 
0.195563 0.361557 0 0 3.42313e-10 10.7619 -85.5409 0 0 0 -36.6286 0 0 0 -36.6286 52.9327 1 
0.196813 0.368069 0 0 3.43686e-10 10.7543 -84.8956 0 0 0 -36.3939 0 0 0 -36.3939 52.5611 1 
0.198063 0.374582 0 0 3.45064e-10 10.7467 -84.2525 0 0 0 -36.1596 0 0 0 -36.1596 52.1906 1 
0.199313 0.381095 0 0 3.46446e-10 10.7391 -83.6115 0 0 0 -35.9259 0 0 0 -35.9259 51.8211 1 
0.200563 0.38761 0 0 3.47832e-10 10.7314 -82.9727 0 0 0 -35.6926 0 0 0 -35.6926 51.4526 1 
0.201813 0.394125 0 0 3.49222e-10 10.7237 -82.3359 0 0 0 -35.4598 0 0 0 -35.4598 51.0852 1 
0.203063 0.40064 0 0 3.50616e-10 10.7161 -81.7013 0 0 0 -35.2274 0 0 0 -35.2274 50.7187 1 
0.204313 0.407157 0 0 3.52015e-10 10.7084 -81.0688 0 0 0 -34.9956 0 0 0 -34.9956 50.3533 1 
0.205563 0.413674 0 0 3.53418e-10 10.7006 -80.4384 0 0 0 -34.7642 0 0 0 -34.7642 49.9889 1 
0.206813 0.420191 0 0 3.54826e-10 10.6929 -79.8101 0 0 0 -34.5333 0 0 0 -34.5333 49.6256 1 
0.208063 0.42671 0 0 3.56239e-10 10.6852 -79.1839 0 0 0 -34.3029 0 0 0 -34.3029 49.2632 1 
0.209313 0.433229 0 0 3.57656e-10 10.6774 -78.5599 0 0 0 -34.0729 0 0 0 -34.0729 48.9019 1 
0.210563 0.439748 0 0 3.59078e-10 10.6696 -77.9379 0 0 0 -33.8435 0 0 0 -33.8435 48.5416 1 
0.211812 0.446269 0 0 3.60505e-10 10.6618 -77.3181 0 0 0 -33.6145 0 0 0 -33.6145 48.1823 1 
0.213062 0.45279 0 0 3.61937e-10 10.654 -76.7003 0 0 0 -33.3859 0 0 0 -33.3859 47.8241 1 
0.214312 0.459312 0 0 3.63374e-10 10.6461 -76.0847 0 0 0 -33.1579 0 0 0 -33.1579 47.4668 1 
0.215562 0.465834 0 0 3.64816e-10 10.6383 -75.4711 0 0 0 -32.9303 0 0 0 -32.9303 47.1106 1 
0.216812 0.472357 0 0 3.66264e-10 10.6304 -74.8597 0 0 0 -32.7031 0 0 0 -32.7031 46.7553 1 
0.218062 0.478881 0 0 3.67717e-10 10.6225 -74.2504 0 0 0 -32.4765 0 0 0 -32.4765 46.4011 1 
0.219312 0.485406 0 0 3.69176e-10 10.6146 -73.6432 0 0 0 -32.2503 0 0 0 -32.2503 46.0479 1 
0.220562 0.491931 0 0 3.7064e-10 10.6067 -73.038 0 0 0 -32.0246 0 0 0 -32.0246 45.6957 1 
0.221812 0.498457 0 0 3.7211e-10 10.5988 -72.435 0 0 0 -31.7993 0 0 0 -31.7993 45.3445 1 
0.223062 0.504984 0 0 3.73586e-10 10.5908 -71.834 0 0 0 -31.5745 0 0 0 -31.5745 44.9943 1 
0.224312 0.511512 0 0 3.75068e-10 10.5828 -71.2352 0 0 0 -31.3501 0 0 0 -31.3501 44.6452 1 
0.225562 0.51804 0 0 3.76556e-10 10.5748 -70.6384 0 0 0 -31.1263 0 0 0 -31.1263 44.297 1 
0.226813 0.524569 0 0 3.78051e-10 10.5668 -70.0437 0 0 0 -30.9029 0 0 0 -30.9029 43.9498 1 
0.228063 0.531099 0 0 3.79551e-10 10.5588 -69.4512 0 0 0 -30.6799 0 0 0 -30.6799 43.6036 1 
0.229313 0.537629 0 0 3.81058e-10 10.5508 -68.8607 0 0 0 -30.4574 0 0 0 -30.4574 43.2585 1 
0.230563 0.54416 0 0 3.82572e-10 10.5427 -68.2722 0 0 0 -30.2353 0 0 0 -30.2353 42.9143 1 
0.231813 0.550692 0 0 3.84092e-10 10.5346 -67.6859 0 0 0 -30.0138 0 0 0 -30.0138 42.5711 1 
0.233063 0.557225 0 0 3.85619e-10 10.5265 -67.1017 0 0 0 -29.7926 0 0 0 -29.7926 42.229 1 
0.234313 0.563759 0 0 3.87153e-10 10.5184 -66.5195 0 0 0 -29.5719 0 0 0 -29.5719 41.8878 1 
0.235563 0.570293 0 0 3.88694e-10 10.5102 -65.9394 0 0 0 -29.3517 0 0 0 -29.3517 41.5476 1 
0.236813 0.576828 0 0 3.90242e-10 10.5021 -65.3614 0 0 0 -29.1319 0 0 0 -29.1319 41.2084 1 
0.238063 0.583364 0 0 3.91798e-10 10.4939 -64.7854 0 0 0 -28.9126 0 0 0 -28.9126 40.8702 1 
0.239313 0.589901 0 0 3.9336e-10 10.4857 -64.2116 0 0 0 -28.6938 0 0 0 -28.6938 40.533 1 
0.240563 0.596438 0 0 3.94931e-10 10.4775 -63.6398 0 0 0 -28.4753 0 0 0 -28.4753 40.1968 1 
0.241813 0.602976 0 0 3.96509e-10 10.4693 -63.0701 0 0 0 -28.2574 0 0 0 -28.2574 39.8616 1 
0.243062 0.609515 0 0 3.98095e-10 10.461 -62.5024 0 0 0 -28.0398 0 0 0 -28.0398 39.5274 1 
0.244312 0.616055 0 0 3.99689e-10 10.4528 -61.9368 0 0 0 -27.8227 0 0 0 -27.8227 39.1941 1 
0.245562 0.622596 0 0 4.01291e-10 10.4445 -61.3733 0 0 0 -27.6061 0 0 0 -27.6061 38.8618 1 
0.246812 0.629137 0 0 4.02901e-10 10.4362 -60.8119 0 0 0 -27.3899 0 0 0 -27.3899 38.5306 1 
0.248062 0.63568 0 0 4.0452e-10 10.4278 -60.2525 0 0 0 -27.1742 0 0 0 -27.1742 38.2003 1 
0.249312 0.642223 0 0 4.06147e-10 10.4195 -59.6951 0 0 0 -26.9589 0 0 0 -26.9589 37.8709 1 
0.250563 0.648767 0 0 4.07783e-10 10.4111 -59.1399 0 0 0 -26.744 0 0 0 -26.744 37.5426 1 
0.251812 0.655312 0 0 4.09428e-10 10.4027 -58.5867 0 0 0 -26.5296 0 0 0 -26.5296 37.2153 1 
0.253063 0.661857 0 0 4.11082e-10 10.3943 -58.0355 0 0 0 -26.3156 0 0 0 -26.3156 36.8889 1 
0.254312 0.668404 0 0 4.12746e-10 10.3859 -57.4864 0 0 0 -26.102 0 0 0 -26.102 36.5635 1 
0.255563 0.674951 0 0 4.14418e-10 10.3775 -56.9394 0 0 0 -25.8889 0 0 0 -25.8889 36.239 1 
0.256812 0.681499 0 0 4.161e-10 10.369 -56.3944 0 0 0 -25.6762 0 0 0 -25.6762 35.9156 1 
0.258062 0.688048 0 0 4.17792e-10 10.3605 -55.8514 0 0 0 -25.464 0 0 0 -25.464 35.5931 1 
0.259313 0.694598 0 0 4.19493e-10 10.352 -55.3105 0 0 0 -25.2522 0 0 0 -25.2522 35.2716 1 
0.260562 0.701149 0 0 4.21205e-10 10.3435 -54.7717 0 0 0 -25.0408 0 0 0 -25.0408 34.9511 1 
0.261813 0.707701 0 0 4.22927e-10 10.3349 -54.2349 0 0 0 -24.8298 0 0 0 -24.8298 34.6315 1 
0.263062 0.714253 0 0 4.24659e-10 10.3264 -53.7001 0 0 0 -24.6193 0 0 0 -24.6193 34.3129 1 
0.264313 0.720807 0 0 4.26402e-10 10.3178 -53.1674 0 0 0 -24.4092 0 0 0 -24.4092 33.9953 1 
0.265562 0.727361 0 0 4.28155e-10 10.3092 -52.6367 0 0 0 -24.1996 0 0 0 -24.1996 33.6786 1 
0.266813 0.733916 0 0 4.29919e-10 10.3005 -52.1081 0 0 0 -23.9903 0 0 0 -23.9903 33.3629 1 
0.268062 0.740472 0 0 4.31694e-10 10.2919 -51.5815 0 0 0 -23.7815 0 0 0 -23.7815 33.0482 1 
0.269313 0.747029 0 0 4.3348e-10 10.2832 -51.0569 0 0 0 -23.5731 0 0 0 -23.5731 32.7344 1 
0.270562 0.753587 0 0 4.35276e-10 10.2745 -50.5344 0 0 0 -23.3652 0 0 0 -23.3652 32.4216 1 
0.271813 0.760146 0 0 4.37084e-10 10.2658 -50.0139 0 0 0 -23.1577 0 0 0 -23.1577 32.1097 1 
0.273062 0.766706 0 0 4.38903e-10 10.2571 -49.4954 0 0 0 -22.9506 0 0 0 -22.9506 31.7988 1 
0.274313 0.773267 0 0 4.40734e-10 10.2483 -48.9789 0 0 0 -22.7439 0 0 0 -22.7439 31.4889 1 
0.275562 0.779829 0 0 4.42576e-10 10.2395 -48.4645 0 0 0 -22.5376 0 0 0 -22.5376 31.1799 1 
0.276813 0.786391 0 0 4.44431e-10 10.2307 -47.9521 0 0 0 -22.3317 0 0 0 -22.3317 30.8719 1 
0.278062 0.792955 0 0 4.46298e-10 10.2219 -47.4418 0 0 0 -22.1263 0 0 0 -22.1263 30.5648 1 
0.279313 0.799519 0 0 4.48177e-10 10.213 -46.9334 0 0 0 -21.9213 0 0 0 -21.9213 30.2587 1 
0.280562 0.806085 0 0 4.50069e-10 10.2042 -46.4271 0 0 0 -21.7167 0 0 0 -21.7167 29.9535 1 
0.281813 0.812651 0 0 4.51974e-10 10.1953 -45.9228 0 0 0 -21.5125 0 0 0 -21.5125 29.6493 1 
0.283062 0.819219 0 0 4.53892e-10 10.1863 -45.4205 0 0 0 -21.3087 0 0 0 -21.3087 29.346 1 
0.284313 0.825787 0 0 4.55823e-10 10.1774 -44.9202 0 0 0 -21.1054 0 0 0 -21.1054 29.0437 1 
0.285562 0.832357 0 0 4.57768e-10 10.1684 -44.422 0 0 0 -20.9024 0 0 0 -20.9024 28.7423 1 
0.286813 0.838927 0 0 4.59727e-10 10.1594 -43.9257 0 0 0 -20.6999 0 0 0 -20.6999 28.4419 1 
0.288062 0.845498 0 0 4.61699e-10 10.1504 -43.4315 0 0 0 -20.4978 0 0 0 -20.4978 28.1424 1 
0.289312 0.852071 0 0 4.63686e-10 10.1414 -42.9393 0 0 0 -20.2961 0 0 0 -20.2961 27.8438 1 
0.290563 0.858644 0 0 4.65688e-10 10.1323 -42.4491 0 0 0 -20.0948 0 0 0 -20.0948 27.5462 1 
0.291812 0.865219 0 0 4.67704e-10 10.1233 -41.9608 0 0 0 -19.8939 0 0 0 -19.8939 27.2495 1 
0.293063 0.871794 0 0 4.69736e-10 10.1142 -41.4746 0 0 0 -19.6934 0 0 0 -19.6934 26.9538 1 
0.294312 0.878371 0 0 4.71782e-10 10.105 -40.9904 0 0 0 -19.4933 0 0 0 -19.4933 26.659 1 
0.295563 0.884948 0 0 4.73845e-10 10.0959 -40.5082 0 0 0 -19.2936 0 0 0 -19.2936 26.3651 1 
0.296812 0.891527 0 0 4.75923e-10 10.0867 -40.028 0 0 0 -19.0943 0 0 0 -19.0943 26.0722 1 
0.298063 0.898106 0 0 4.78018e-10 10.0775 -39.5498 0 0 0 -18.8954 0 0 0 -18.8954 25.7802 1 
0.299312 0.904687 0 0 4.80128e-10 10.0683 -39.0736 0 0 0 -18.697 0 0 0 -18.697 25.4892 1 
0.300563 0.911269 0 0 4.82256e-10 10.059 -38.5994 0 0 0 -18.4989 0 0 0 -18.4989 25.199 1 
0.301812 0.917851 0 0 4.84401e-10 10.0497 -38.1272 0 0 0 -18.3012 0 0 0 -18.3012 24.9099 1 
0.303063 0.924435 0 0 4.86563e-10 10.0404 -37.6569 0 0 0 -18.1039 0 0 0 -18.1039 24.6216 1 
0.304312 0.93102 0 0 4.88743e-10 10.0311 -37.1887 0 0 0 -17.907 0 0 0 -17.907 24.3342 1 
0.305563 0.937606 0 0 4.90941e-10 10.0218 -36.7224 0 0 0 -17.7105 0 0 0 -17.7105 24.0478 1 
0.306812 0.944193 0 0 4.93157e-10 10.0124 -36.2582 0 0 0 -17.5144 0 0 0 -17.5144 23.7624 1 
0.308063 0.950781 0 0 4.95392e-10 10.003 -35.7959 0 0 0 -17.3187 0 0 0 -17.3187 23.4778 1 
0.309312 0.95737 0 0 4.97646e-10 9.99355 -35.3356 0 0 0 -17.1234 0 0 0 -17.1234 23.1942 1 
0.310563 0.963961 0 0 4.99919e-10 9.9841 -34.8773 0 0 0 -16.9285 0 0 0 -16.9285 22.9114 1 
0.311812 0.970552 0 0 5.02212e-10 9.97462 -34.4209 0 0 0 -16.734 0 0 0 -16.734 22.6296 1 
0.313063 0.977145 0 0 5.04525e-10 9.96511 -33.9666 0 0 0 -16.5399 0 0 0 -16.5399 22.3488 1 
0.314312 0.983738 0 0 5.06858e-10 9.95558 -33.5142 0 0 0 -16.3461 0 0 0 -16.3461 22.0688 1 
0.315563 0.990333 0 0 5.09213e-10 9.94601 -33.0638 0 0 0 -16.1528 0 0 0 -16.1528 21.7898 1 
0.316812 0.996929 0 0 5.11588e-10 9.93643 -32.6153 0 0 0 -15.9598 0 0 0 -15.9598 21.5116 1 
0.318063 1.00353 0 0 5.13985e-10 9.92681 -32.1689 0 0 0 -15.7672 0 0 0 -15.7672 21.2344 1 
0.319312 1.01012 0 0 5.16404e-10 9.91717 -31.7244 0 0 0 -15.575 0 0 0 -15.575 20.9581 1 
0.320562 1.01672 0 0 5.18845e-10 9.9075 -31.2818 0 0 0 -15.3832 0 0 0 -15.3832 20.6827 1 
0.321813 1.02332 0 0 5.21309e-10 9.8978 -30.8413 0 0 0 -15.1918 0 0 0 -15.1918 20.4083 1 
0.323062 1.02993 0 0 5.23797e-10 9.88808 -30.4027 0 0 0 -15.0007 0 0 0 -15.0007 20.1347 1 
0.324313 1.03653 0 0 5.26308e-10 9.87833 -29.9661 0 0 0 -14.8101 0 0 0 -14.8101 19.8621 1 
0.325562 1.04313 0 0 5.28843e-10 9.86855 -29.5314 0 0 0 -14.6198 0 0 0 -14.6198 19.5903 1 
0.326813 1.04974 0 0 5.31403e-10 9.85874 -29.0987 0 0 0 -14.4299 0 0 0 -14.4299 19.3195 1 
0.328062 1.05634 0 0 5.33987e-10 9.8489 -28.6679 0 0 0 -14.2403 0 0 0 -14.2403 19.0495 1 
0.329313 1.06295 0 0 5.36597e-10 9.83903 -28.2391 0 0 0 -14.0512 0 0 0 -14.0512 18.7805 1 
0.330562 1.06956 0 0 5.39234e-10 9.82914 -27.8123 0 0 0 -13.8624 0 0 0 -13.8624 18.5124 1 
0.331813 1.07617 0 0 5.41896e-10 9.81921 -27.3874 0 0 0 -13.674 0 0 0 -13.674 18.2452 1 
0.333062 1.08278 0 0 5.44586e-10 9.80926 -26.9645 0 0 0 -13.486 0 0 0 -13.486 17.9788 1 
0.334313 1.08939 0 0 5.47303e-10 9.79928 -26.5435 0 0 0 -13.2984 0 0 0 -13.2984 17.7134 1 
0.335562 1.096 0 0 5.50047e-10 9.78927 -26.1245 0 0 0 -13.1111 0 0 0 -13.1111 17.4489 1 
0.336813 1.10262 0 0 5.52821e-10 9.77922 -25.7074 0 0 0 -12.9242 0 0 0 -12.9242 17.1853 1 
0.338062 1.10923 0 0 5.55623e-10 9.76915 -25.2923 0 0 0 -12.7377 0 0 0 -12.7377 16.9225 1 
0.339313 1.11585 0 0 5.58456e-10 9.75905 -24.8791 0 0 0 -12.5515 0 0 0 -12.5515 16.6607 1 
0.340562 1.12247 0 0 5.61318e-10 9.74892 -24.4678 0 0 0 -12.3657 0 0 0 -12.3657 16.3998 1 
0.341813 1.12909 0 0 5.64211e-10 9.73875 -24.0585 0 0 0 -12.1803 0 0 0 -12.1803 16.1397 1 
0.343062 1.13571 0 0 5.67135e-10 9.72856 -23.6511 0 0 0 -11.9953 0 0 0 -11.9953 15.8806 1 
0.344313 1.14233 0 0 5.70092e-10 9.71833 -23.2457 0 0 0 -11.8106 0 0 0 -11.8106 15.6223 1 
0.345562 1.14895 0 0 5.73081e-10 9.70808 -22.8422 0 0 0 -11.6263 0 0 0 -11.6263 15.3649 1 
0.346813 1.15558 0 0 5.76103e-10 9.69779 -22.4407 0 0 0 -11.4423 0 0 0 -11.4423 15.1084 1 
0.348062 1.1622 0 0 5.79159e-10 9.68747 -22.041 0 0 0 -11.2587 0 0 0 -11.2587 14.8528 1 
0.349313 1.16883 0 0 5.82249e-10 9.67712 -21.6433 0 0 0 -11.0755 0 0 0 -11.0755 14.5981 1 
0.350562 1.17546 0 0 5.85375e-10 9.66674 -21.2476 0 0 0 -10.8927 0 0 0 -10.8927 14.3443 1 
0.351812 1.18209 0 0 5.88536e-10 9.65632 -20.8538 0 0 0 -10.7102 0 0 0 -10.7102 14.0914 1 
0.353063 1.18872 0 0 5.91735e-10 9.64587 -20.4618 0 0 0 -10.5281 0 0 0 -10.5281 13.8393 1 
0.354312 1.19535 0 0 5.9497e-10 9.63539 -20.0719 0 0 0 -10.3463 0 0 0 -10.3463 13.5882 1 
0.355563 1.20198 0 0 5.98244e-10 9.62488 -19.6838 0 0 0 -10.1649 0 0 0 -10.1649 13.3379 1 
0.356812 1.20861 0 0 6.01556e-10 9.61433 -19.2977 0 0 0 -9.98385 0 0 0 -9.98385 13.0885 1 
0.358063 1.21525 0 0 6.04908e-10 9.60375 -18.9135 0 0 0 -9.80317 0 0 0 -9.80317 12.8399 1 
0.359312 1.22189 0 0 6.083e-10 9.59314 -18.5312 0 0 0 -9.62284 0 0 0 -9.62284 12.5923 1 
0.360563 1.22852 0 0 6.11734e-10 9.58249 -18.1508 0 0 0 -9.44288 0 0 0 -9.44288 12.3455 1 
0.361812 1.23516 0 0 6.1521e-10 9.57181 -17.7723 0 0 0 -9.26327 0 0 0 -9.26327 12.0996 1 
0.363063 1.2418 0 0 6.18728e-10 9.56109 -17.3958 0 0 0 -9.08402 0 0 0 -9.08402 11.8546 1 
0.364312 1.24844 0 0 6.2229e-10 9.55034 -17.0212 0 0 0 -8.90512 0 0 0 -8.90512 11.6105 1 
0.365563 1.25509 0 0 6.25897e-10 9.53956 -16.6485 0 0 0 -8.72658 0 0 0 -8.72658 11.3672 1 
0.366812 1.26173 0 0 6.29549e-10 9.52874 -16.2777 0 0 0 -8.5484 0 0 0 -8.5484 11.1248 1 
0.368063 1.26838 0 0 6.33248e-10 9.51788 -15.9088 0 0 0 -8.37057 0 0 0 -8.37057 10.8833 1 
0.369312 1.27502 0 0 6.36994e-10 9.50699 -15.5418 0 0 0 -8.19309 0 0 0 -8.19309 10.6427 1 
0.370563 1.28167 0 0 6.40788e-10 9.49606 -15.1767 0 0 0 -8.01597 0 0 0 -8.01597 10.4029 1 
0.371812 1.28832 0 0 6.44632e-10 9.4851 -14.8135 0 0 0 -7.8392 0 0 0 -7.8392 10.164 1 
0.373063 1.29497 0 0 6.48526e-10 9.4741 -14.4523 0 0 0 -7.66278 0 0 0 -7.66278 9.92595 1 
0.374312 1.30162 0 0 6.52472e-10 9.46306 -14.0929 0 0 0 -7.48671 0 0 0 -7.48671 9.68878 1 
0.375563 1.30827 0 0 6.5647e-10 9.45199 -13.7354 0 0 0 -7.311 0 0 0 -7.311 9.45248 1 
0.376812 1.31493 0 0 6.60521e-10 9.44088 -13.3799 0 0 0 -7.13563 0 0 0 -7.13563 9.21705 1 
0.378063 1.32158 0 0 6.64627e-10 9.42973 -13.0262 0 0 0 -6.96062 0 0 0 -6.96062 8.98249 1 
0.379312 1.32824 0 0 6.68789e-10 9.41854 -12.6745 0 0 0 -6.78596 0 0 0 -6.78596 8.74879 1 
0.380563 1.33489 0 0 6.73008e-10 9.40732 -12.3246 0 0 0 -6.61164 0 0 0 -6.61164 8.51596 1 
0.381812 1.34155 0 0 6.77286e-10 9.39606 -11.9766 0 0 0 -6.43768 0 0 0 -6.43768 8.28399 1 
0.383062 1.34821 0 0 6.81622e-10 9.38476 -11.6305 0 0 0 -6.26407 0 0 0 -6.26407 8.05288 1 
0.384313 1.35487 0 0 6.8602e-10 9.37342 -11.2863 0 0 0 -6.0908 0 0 0 -6.0908 7.82264 1 
0.385562 1.36153 0 0 6.90479e-10 9.36204 -10.944 0 0 0 -5.91788 0 0 0 -5.91788 7.59326 1 
0.386813 1.3682 0 0 6.95001e-10 9.35062 -10.6036 0 0 0 -5.74531 0 0 0 -5.74531 7.36474 1 
0.388062 1.37486 0 0 6.99589e-10 9.33917 -10.2651 0 0 0 -5.57309 0 0 0 -5.57309 7.13709 1 
0.389313 1.38153 0 0 7.04242e-10 9.32767 -9.92845 0 0 0 -5.40121 0 0 0 -5.40121 6.91029 1 
0.390562 1.38819 0 0 7.08962e-10 9.31613 -9.5937 0 0 0 -5.22968 0 0 0 -5.22968 6.68435 1 
0.391813 1.39486 0 0 7.13752e-10 9.30456 -9.26083 0 0 0 -5.0585 0 0 0 -5.0585 6.45928 1 
0.393062 1.40153 0 0 7.18612e-10 9.29294 -8.92985 0 0 0 -4.88767 0 0 0 -4.88767 6.23506 1 
0.394313 1.4082 0 0 7.23543e-10 9.28128 -8.60074 0 0 0 -4.71718 0 0 0 -4.71718 6.0117 1 
0.395562 1.41487 0 0 7.28549e-10 9.26958 -8.27352 0 0 0 -4.54704 0 0 0 -4.54704 5.7892 1 
0.396813 1.42154 0 0 7.33629e-10 9.25784 -7.94818 0 0 0 -4.37724 0 0 0 -4.37724 5.56756 1 
0.398062 1.42822 0 0 7.38786e-10 9.24605 -7.62471 0 0 0 -4.2078 0 0 0 -4.2078 5.34677 1 
0.399313 1.43489 0 0 7.44021e-10 9.23422 -7.30313 0 0 0 -4.0387 0 0 0 -4.0387 5.12684 1 
0.400562 1.44157 0 0 7.49337e-10 9.22236 -6.98342 0 0 0 -3.86994 0 0 0 -3.86994 4.90777 1 
0.401813 1.44824 0 0 7.54734e-10 9.21044 -6.66558 0 0 0 -3.70153 0 0 0 -3.70153 4.68955 1 
0.403062 1.45492 0 0 7.60215e-10 9.19849 -6.34962 0 0 0 -3.53347 0 0 0 -3.53347 4.47219 1 
0.404313 1.4616 0 0 7.65782e-10 9.18649 -6.03553 0 0 0 -3.36576 0 0 0 -3.36576 4.25568 1 
0.405562 1.46828 0 0 7.71436e-10 9.17445 -5.72331 0 0 0 -3.19839 0 0 0 -3.19839 4.04003 1 
0.406813 1.47496 0 0 7.7718e-10 9.16236 -5.41296 0 0 0 -3.03137 0 0 0 -3.03137 3.82523 1 
0.408062 1.48164 0 0 7.83016e-10 9.15023 -5.10449 0 0 0 -2.86469 0 0 0 -2.86469 3.61129 1 
0.409313 1.48832 0 0 7.88945e-10 9.13805 -4.79788 0 0 0 -2.69837 0 0 0 -2.69837 3.39821 1 
0.410562 1.495 0 0 7.9497e-10 9.12583 -4.49314 0 0 0 -2.53239 0 0 0 -2.53239 3.18597 1 
0.411813 1.50169 0 0 8.01093e-10 9.11356 -4.19027 0 0 0 -2.36676 0 0 0 -2.36676 2.9746 1 
0.413062 1.50837 0 0 8.07316e-10 9.10125 -3.88926 0 0 0 -2.20148 0 0 0 -2.20148 2.76407 1 
0.414312 1.51506 0 0 8.13643e-10 9.08889 -3.59012 0 0 0 -2.03655 0 0 0 -2.03655 2.5544 1 
0.415563 1.52174 0 0 8.20074e-10 9.07649 -3.29284 0 0 0 -1.87196 0 0 0 -1.87196 2.34559 1 
0.416812 1.52843 0 0 8.26613e-10 9.06404 -2.99742 0 0 0 -1.70773 0 0 0 -1.70773 2.13763 1 
0.418063 1.53512 0 0 8.33262e-10 9.05154 -2.70387 0 0 0 -1.54385 0 0 0 -1.54385 1.93052 1 
0.419312 1.5418 0 0 8.40025e-10 9.03899 -2.41218 0 0 0 -1.38031 0 0 0 -1.38031 1.72427 1 
0.420563 1.54849 0 0 8.46902e-10 9.02639 -2.12234 0 0 0 -1.21713 0 0 0 -1.21713 1.51887 1 
0.421812 1.55518 0 0 8.53899e-10 9.01375 -1.83437 0 0 0 -1.05431 0 0 0 -1.05431 1.31433 1 
0.423063 1.56187 0 0 8.61017e-10 9.00106 -1.54826 0 0 0 -0.891831 0 0 0 -0.891831 1.11064 1 
0.424312 1.56856 0 0 8.68258e-10 8.98832 -1.264 0 0 0 -0.729709 0 0 0 -0.729709 0.907806 1 
0.425563 1.57525 0 0 8.75628e-10 8.97553 -0.981601 0 0 0 -0.567941 0 0 0 -0.567941 0.705828 1 
0.426812 1.58195 0 0 8.83127e-10 8.96269 -0.701057 0 0 0 -0.406529 0 0 0 -0.406529 0.504705 1 
0.428063 1.58864 0 0 8.9076e-10 8.9498 -0.422369 0 0 0 -0.245473 0 0 0 -0.245473 0.304438 1 
0.429312 1.59533 0 0 8.98529e-10 8.93686 -0.145535 0 0 0 -0.0847734 0 0 0 -0.0847734 0.105027 1 
0.430563 1.60202 0 0 9.06438e-10 8.92387 0.129446 0 0 0 0.0755679 0 0 0 0.0755679 -0.0935272 1 
0.431812 1.60872 0 0 9.14489e-10 8.91082 0.402573 0 0 0 0.23555 0 0 0 0.23555 -0.291224 1 
0.433063 1.61541 0 0 9.22688e-10 8.89773 0.673847 0 0 0 0.395172 0 0 0 0.395172 -0.488064 1 
0.434312 1.6221 0 0 9.31035e-10 8.88458 0.94327 0 0 0 0.554432 0 0 0 0.554432 -0.684045 1 
0.435563 1.6288 0 0 9.39537e-10 8.87139 1.21084 0 0 0 0.713329 0 0 0 0.713329 -0.879166 1 
0.436812 1.63549 0 0 9.48195e-10 8.85813 1.47656 0 0 0 0.871862 0 0 0 0.871862 -1.07343 1 
0.438063 1.64219 0 0 9.57014e-10 8.84483 1.74043 0 0 0 1.03003 0 0 0 1.03003 -1.26683 1 
0.439312 1.64888 0 0 9.66009e-10 8.83147 2.00245 0 0 0 1.18783 0 0 0 1.18783 -1.45937 1 
0.440563 1.65557 0 0 9.75184e-10 8.81806 2.26261 0 0 0 1.34526 0 0 0 1.34526 -1.65105 1 
0.441812 1.66227 0 0 9.84543e-10 8.80459 2.52093 0 0 0 1.50232 0 0 0 1.50232 -1.84186 1 
0.443063 1.66896 0 0 9.94092e-10 8.79107 2.7774 0 0 0 1.65901 0 0 0 1.65901 -2.03181 1 
0.444312 1.67565 0 0 1.00384e-09 8.7775 3.03203 0 0 0 1.81532 0 0 0 1.81532 -2.22089 1 
0.445562 1.68235 0 0 1.01378e-09 8.76387 3.2848 0 0 0 1.97126 0 0 0 1.97126 -2.40911 1 
0.446813 1.68904 0 0 1.02393e-09 8.75018 3.53572 0 0 0 2.12683 0 0 0 2.12683 -2.59646 1 
0.448062 1.69573 0 0 1.03429e-09 8.73643 3.7848 0 0 0 2.28201 0 0 0 2.28201 -2.78294 1 
0.449313 1.70242 0 0 1.04488e-09 8.72263 4.03203 0 0 0 2.43681 0 0 0 2.43681 -2.96855 1 
0.450562 1.70911 0 0 1.05568e-09 8.70878 4.27742 0 0 0 2.59123 0 0 0 2.59123 -3.15329 1 
0.451813 1.7158 0 0 1.06672e-09 8.69486 4.52095 0 0 0 2.74526 0 0 0 2.74526 -3.33715 1 
0.453062 1.72249 0 0 1.078e-09 8.68089 4.76264 0 0 0 2.8989 0 0 0 2.8989 -3.52014 1 
0.454313 1.72918 0 0 1.08952e-09 8.66686 5.00248 0 0 0 3.05215 0 0 0 3.05215 -3.70226 1 
0.455562 1.73586 0 0 1.10129e-09 8.65277 5.24047 0 0 0 3.20501 0 0 0 3.20501 -3.8835 1 
0.456813 1.74255 0 0 1.11333e-09 8.63862 5.47662 0 0 0 3.35747 0 0 0 3.35747 -4.06385 1 
0.458062 1.74924 0 0 1.12563e-09 8.62441 5.71092 0 0 0 3.50953 0 0 0 3.50953 -4.24333 1 
0.459313 1.75592 0 0 1.13821e-09 8.61014 5.94338 0 0 0 3.66119 0 0 0 3.66119 -4.42192 1 
0.460562 1.7626 0 0 1.15107e-09 8.59581 6.17398 0 0 0 3.81245 0 0 0 3.81245 -4.59962 1 
0.461813 1.76928 0 0 1.16423e-09 8.58142 6.40274 0 0 0 3.96329 0 0 0 3.96329 -4.77644 1 
0.463062 1.77596 0 0 1.17769e-09 8.56697 6.62965 0 0 0 4.11373 0 0 0 4.11373 -4.95237 1 
0.464313 1.78264 0 0 1.19146e-09 8.55246 6.85471 0 0 0 4.26375 0 0 0 4.26375 -5.12741 1 
0.465562 1.78931 0 0 1.20556e-09 8.53789 7.07793 0 0 0 4.41336 0 0 0 4.41336 -5.30155 1 
0.466813 1.79598 0 0 1.21998e-09 8.52325 7.29929 0 0 0 4.56254 0 0 0 4.56254 -5.47479 1 
0.468062 1.80265 0 0 1.23475e-09 8.50855 7.51881 0 0 0 4.7113 0 0 0 4.7113 -5.64714 1 
0.469313 1.80932 0 0 1.24987e-09 8.49379 7.73648 0 0 0 4.85963 0 0 0 4.85963 -5.81858 1 
0.470562 1.81599 0 0 1.26536e-09 8.47896 7.95229 0 0 0 5.00753 0 0 0 5.00753 -5.98912 1 
0.471813 1.82265 0 0 1.28123e-09 8.46407 8.16626 0 0 0 5.15499 0 0 0 5.15499 -6.15875 1 
0.473062 1.82931 0 0 1.29748e-09 8.44912 8.37837 0 0 0 5.30201 0 0 0 5.30201 -6.32746 1 
0.474313 1.83597 0 0 1.31414e-09 8.4341 8.58864 0 0 0 5.44859 0 0 0 5.44859 -6.49527 1 
0.475562 1.84262 0 0 1.33121e-09 8.41902 8.79705 0 0 0 5.59471 0 0 0 5.59471 -6.66216 1 
0.476812 1.84927 0 0 1.34872e-09 8.40387 9.00361 0 0 0 5.74038 0 0 0 5.74038 -6.82812 1 
0.478063 1.85592 0 0 1.36666e-09 8.38865 9.20831 0 0 0 5.8856 0 0 0 5.8856 -6.99317 1 
0.479312 1.86256 0 0 1.38507e-09 8.37337 9.41116 0 0 0 6.03034 0 0 0 6.03034 -7.15728 1 
0.480563 1.8692 0 0 1.40395e-09 8.35802 9.61215 0 0 0 6.17462 0 0 0 6.17462 -7.32047 1 
0.481812 1.87583 0 0 1.42332e-09 8.34261 9.81129 0 0 0 6.31843 0 0 0 6.31843 -7.48272 1 
0.483063 1.88246 0 0 1.4432e-09 8.32713 10.0086 0 0 0 6.46176 0 0 0 6.46176 -7.64403 1 
0.484312 1.88909 0 0 1.46361e-09 8.31158 10.204 0 0 0 6.6046 0 0 0 6.6046 -7.8044 1 
0.485563 1.89571 0 0 1.48456e-09 8.29596 10.3976 0 0 0 6.74695 0 0 0 6.74695 -7.96382 1 
0.486812 1.90233 0 0 1.50608e-09 8.28028 10.5893 0 0 0 6.88881 0 0 0 6.88881 -8.12229 1 
0.488063 1.90894 0 0 1.52818e-09 8.26452 10.7791 0 0 0 7.03016 0 0 0 7.03016 -8.2798 1 
0.489312 1.91554 0 0 1.55088e-09 8.2487 10.9671 0 0 0 7.171 0 0 0 7.171 -8.43636 1 
0.490563 1.92214 0 0 1.57421e-09 8.23281 11.1532 0 0 0 7.31133 0 0 0 7.31133 -8.59194 1 
0.491812 1.92874 0 0 1.59819e-09 8.21685 11.3374 0 0 0 7.45114 0 0 0 7.45114 -8.74656 1 
0.493063 1.93532 0 0 1.62285e-09 8.20082 11.5198 0 0 0 7.59042 0 0 0 7.59042 -8.90021 1 
0.494312 1.9419 0 0 1.6482e-09 8.18472 11.7003 0 0 0 7.72916 0 0 0 7.72916 -9.05287 1 
0.495563 1.94848 0 0 1.67428e-09 8.16855 11.8789 0 0 0 7.86736 0 0 0 7.86736 -9.20455 1 
0.496812 1.95504 0 0 1.70111e-09 8.15231 12.0557 0 0 0 8.00501 0 0 0 8.00501 -9.35524 1 
0.498063 1.9616 0 0 1.72872e-09 8.136 12.2306 0 0 0 8.14211 0 0 0 8.14211 -9.50494 1 
0.499312 1.96815 0 0 1.75714e-09 8.11962 12.4036 0 0 0 8.27864 0 0 0 8.27864 -9.65363 1 
0.500563 1.97469 0 0 1.7864e-09 8.10316 12.5748 0 0 0 8.41459 0 0 0 8.41459 -9.80132 1 
0.501812 1.98122 0 0 1.81654e-09 8.08664 12.744 0 0 0 8.54997 0 0 0 8.54997 -9.94799 1 
0.503062 1.98775 0 0 1.84759e-09 8.07005 12.9114 0 0 0 8.68476 0 0 0 8.68476 -10.0936 1 
0.504313 1.99426 0 0 1.87958e-09 8.05338 13.0769 0 0 0 8.81894 0 0 0 8.81894 -10.2383 1 
0.505563 2.00077 0 0 1.91255e-09 8.03664 13.2405 0 0 0 8.95253 0 0 0 8.95253 -10.3819 1 
0.506812 2.00726 0 0 1.94654e-09 8.01983 13.4023 0 0 0 9.08549 0 0 0 9.08549 -10.5244 1 
0.508062 2.01375 0 0 1.9816e-09 8.00295 13.5621 0 0 0 9.21783 0 0 0 9.21783 -10.6659 1 
0.509312 2.02022 0 0 2.01776e-09 7.986 13.7201 0 0 0 9.34954 0 0 0 9.34954 -10.8064 1 
0.510563 2.02668 0 0 2.05507e-09 7.96898 13.8762 0 0 0 9.4806 0 0 0 9.4806 -10.9458 1 
0.511813 2.03313 0 0 2.09358e-09 7.95188 14.0304 0 0 0 9.61101 0 0 0 9.61101 -11.0841 1 
0.513062 2.03957 0 0 2.13334e-09 7.93472 14.1826 0 0 0 9.74076 0 0 0 9.74076 -11.2214 1 
0.514312 2.04599 0 0 2.17439e-09 7.91748 14.333 0 0 0 9.86983 0 0 0 9.86983 -11.3576 1 
0.515563 2.0524 0 0 2.21681e-09 7.90017 14.4815 0 0 0 9.99821 0 0 0 9.99821 -11.4926 1 
0.516813 2.0588 0 0 2.26063e-09 7.8828 14.6281 0 0 0 10.1259 0 0 0 10.1259 -11.6266 1 
0.518062 2.06518 0 0 2.30593e-09 7.86535 14.7728 0 0 0 10.2529 0 0 0 10.2529 -11.7595 1 
0.519312 2.07154 0 0 2.35277e-09 7.84783 14.9156 0 0 0 10.3791 0 0 0 10.3791 -11.8913 1 
0.520563 2.07789 0 0 2.40121e-09 7.83024 15.0564 0 0 0 10.5047 0 0 0 10.5047 -12.0219 1 
0.521813 2.08423 0 0 2.45133e-09 7.81258 15.1954 0 0 0 10.6294 0 0 0 10.6294 -12.1514 1 
0.523062 2.09054 0 0 2.5032e-09 7.79485 15.3325 0 0 0 10.7535 0 0 0 10.7535 -12.2798 1 
0.524312 2.09684 0 0 2.5569e-09 7.77706 15.4676 0 0 0 10.8767 0 0 0 10.8767 -12.407 1 
0.525563 2.10312 0 0 2.61251e-09 7.75919 15.6008 0 0 0 10.9992 0 0 0 10.9992 -12.5331 1 
0.526813 2.10938 0 0 2.67012e-09 7.74126 15.7321 0 0 0 11.1209 0 0 0 11.1209 -12.6579 1 
0.528062 2.11562 0 0 2.72983e-09 7.72326 15.8615 0 0 0 11.2417 0 0 0 11.2417 -12.7816 1 
0.529312 2.12184 0 0 2.79172e-09 7.7052 15.9889 0 0 0 11.3617 0 0 0 11.3617 -12.9041 1 
0.530563 2.12804 0 0 2.85591e-09 7.68708 16.1144 0 0 0 11.4809 0 0 0 11.4809 -13.0254 1 
0.531813 2.13421 0 0 2.92249e-09 7.66889 16.238 0 0 0 11.5993 0 0 0 11.5993 -13.1455 1 
0.533062 2.14036 0 0 2.9916e-09 7.65063 16.3596 0 0 0 11.7167 0 0 0 11.7167 -13.2644 1 
0.534312 2.14649 0 0 3.06334e-09 7.63232 16.4793 0 0 0 11.8333 0 0 0 11.8333 -13.382 1 
0.535563 2.15259 0 0 3.13785e-09 7.61395 16.5971 0 0 0 11.949 0 0 0 11.949 -13.4983 1 
0.536813 2.15867 0 0 3.21526e-09 7.59552 16.7129 0 0 0 12.0637 0 0 0 12.0637 -13.6135 1 
0.538062 2.16472 0 0 3.29573e-09 7.57703 16.8268 0 0 0 12.1775 0 0 0 12.1775 -13.7273 1 
0.539312 2.17074 0 0 3.37939e-09 7.55848 16.9387 0 0 0 12.2904 0 0 0 12.2904 -13.8398 1 
0.540562 2.17673 0 0 3.46641e-09 7.53989 17.0487 0 0 0 12.4023 0 0 0 12.4023 -13.9511 1 
0.541813 2.18269 0 0 3.55697e-09 7.52124 17.1567 0 0 0 12.5132 0 0 0 12.5132 -14.061 1 
0.543063 2.18861 0 0 3.65125e-09 7.50255 17.2627 0 0 0 12.6231 0 0 0 12.6231 -14.1696 1 
0.544312 2.19451 0 0 3.74945e-09 7.48381 17.3668 0 0 0 12.7319 0 0 0 12.7319 -14.2769 1 
0.545562 2.20037 0 0 3.85176e-09 7.46502 17.4689 0 0 0 12.8397 0 0 0 12.8397 -14.3828 1 
0.546813 2.20619 0 0 3.95842e-09 7.4462 17.5691 0 0 0 12.9464 0 0 0 12.9464 -14.4873 1 
0.548063 2.21198 0 0 4.06965e-09 7.42734 17.6673 0 0 0 13.0521 0 0 0 13.0521 -14.5905 1 
0.549312 2.21772 0 0 4.1857e-09 7.40845 17.7635 0 0 0 13.1566 0 0 0 13.1566 -14.6922 1 
0.550562 2.22343 0 0 4.30685e-09 7.38952 17.8577 0 0 0 13.2599 0 0 0 13.2599 -14.7925 1 
0.551813 2.22909 0 0 4.43337e-09 7.37058 17.9499 0 0 0 13.3621 0 0 0 13.3621 -14.8914 1 
0.553063 2.23471 0 0 4.56558e-09 7.35161 18.0401 0 0 0 13.4631 0 0 0 13.4631 -14.9888 1 
0.554312 2.24029 0 0 4.70379e-09 7.33262 18.1284 0 0 0 13.5629 0 0 0 13.5629 -15.0848 1 
0.555562 2.24582 0 0 4.84839e-09 7.31362 18.2146 0 0 0 13.6615 0 0 0 13.6615 -15.1792 1 
0.556813 2.2513 0 0 4.99979e-09 7.29462 18.2989 0 0 0 13.7588 0 0 0 13.7588 -15.2722 1 
0.558063 2.25672 0 0 5.15852e-09 7.27564 18.3811 0 0 0 13.8547 0 0 0 13.8547 -15.3635 1 
0.559312 2.26207 0 0 5.32608e-09 7.2567 18.4611 0 0 0 13.9491 0 0 0 13.9491 -15.4531 1 
0.560562 2.26735 0 0 5.50885e-09 7.23788 18.5387 0 0 0 14.0417 0 0 0 14.0417 -15.5407 1 
0.561813 2.27252 0 0 5.71523e-09 7.21925 18.6136 0 0 0 14.132 0 0 0 14.132 -15.6259 1 
0.563063 2.27754 0 0 5.95602e-09 7.20097 18.6854 0 0 0 14.2195 0 0 0 14.2195 -15.7082 1 
0.564312 2.28236 0 0 6.24505e-09 7.18327 18.7533 0 0 0 14.3031 0 0 0 14.3031 -15.7865 1 
0.565562 2.28687 0 0 6.59334e-09 7.16653 18.8159 0 0 0 14.3812 0 0 0 14.3812 -15.8594 1 
0.566813 2.29096 0 0 7.00406e-09 7.15125 18.8719 0 0 0 14.4516 0 0 0 14.4516 -15.925 1 
0.568063 2.29445 0 0 7.47117e-09 7.13808 18.9192 0 0 0 14.5116 0 0 0 14.5116 -15.9808 1 
0.569312 2.29714 0 0 7.95628e-09 7.12785 18.9553 0 0 0 14.5578 0 0 0 14.5578 -16.0236 1 
0.570562 2.29888 0 0 8.38633e-09 7.12124 18.9783 0 0 0 14.5874 0 0 0 14.5874 -16.0511 1 
0.571812 2.29972 0 0 8.74377e-09 7.11803 18.9895 0 0 0 14.6018 0 0 0 14.6018 -16.0643 1 
0.573063 2.29972 0 0 0 7.11803 18.9895 0 0 0 14.6018 0 0 0 14.6018 -16.0643 1
0.574313 2.29972 0 0 0 7.11803 18.9895 0 0 0 14.6018 0 0 0 14.6018 -16.0643 1
0.575563 2.29972 0 0 0 7.11803 18.9895 0 0 0 14.6018 0 0 0 14.6018 -16.0643 1
0.576813 2.29972 0 0 0 7.11803 18.9895 0 0 0 14.6018 0 0 0 14.6018 -16.0643 1
0.578063 2.29972 0 0 0 7.11803 18.9895 0 0 0 14.6018 0 0 0 14.6018 -16.0643 1
0.579313 2.29972 0 0 0 7.11803 18.9895 0 0 0 14.6018 0 0 0 14.6018 -16.0643 1
0.580563 2.29972 0 0 0 7.11803 18.9895 0 0 0 14.6018 0 0 0 14.6018 -16.0643 1
0.581813 2.29972 0 0 0 7.11803 18.9895 0 0 0 14.6018 0 0 0 14.6018 -16.0643 1
0.583063 2.29972 0 0 0 7.11803 18.9895 0 0 0 14.6018 0 0 0 14.6018 -16.0643 1
0.584313 2.29972 0 0 0 7.11803 18.9895 0 0 0 14.6018 0 0 0 14.6018 -16.0643 1
0.585563 2.29972 0 0 0 7.11803 18.9895 0 0 0 14.6018 0 0 0 14.6018 -16.0643 1
0.586813 2.29972 0 0 0 7.11803 18.9895 0 0 0 14.6018 0 0 0 14.6018 -16.0643 1
0.588063 2.29972 0 0 0 7.11803 18.9895 0 0 0 14.6018 0 0 0 14.6018 -16.0643 1
0.589313 2.29972 0 0 0 7.11803 18.9895 0 0 0 14.6018 0 0 0 14.6018 -16.0643 1
0.590563 2.29972 0 0 0 7.11803 18.9895 0 0 0 14.6018 0 0 0 14.6018 -16.0643 1
0.591813 2.29972 0 0 0 7.11803 18.9895 0 0 0 14.6018 0 0 0 14.6018 -16.0643 1
0.593063 2.29972 0 0 0 7.11803 18.9895 0 0 0 14.6018 0 0 0 14.6018 -16.0643 1
0.594313 2.29972 0 0 0 7.11803 18.9895 0 0 0 14.6018 0 0 0 14.6018 -16.0643 1
0.595563 2.29972 0 0 0 7.11803 18.9895 0 0 0 14.6018 0 0 0 14.6018 -16.0643 1
0.596813 2.29972 0 0 0 7.11803 18.9895 0 0 0 14.6018 0 0 0 14.6018 -16.0643 1
0.598063 2.29972 0 0 0 7.11803 18.9895 0 0 0 14.6018 0 0 0 14.6018 -16.0643 1
0.599313 2.29972 0 0 0 7.11803 18.9895 0 0 0 14.6018 0 0 0 14.6018 -16.0643 1
0.600563 2.29972 0 0 0 7.11803 18.9895 0 0 0 14.6018 0 0 0 14.6018 -16.0643 1
0.601813 2.29972 0 0 0 7.11803 18.9895 0 0 0 14.6018 0 0 0 14.6018 -16.0643 1
0.603063 2.29972 0 0 0 7.11803 18.9895 0 0 0 14.6018 0 0 0 14.6018 -16.0643 1
0.604313 2.29972 0 0 0 7.11803 18.9895 0 0 0 14.6018 0 0 0 14.6018 -16.0643 1
0.605563 2.29972 0 0 0 7.11803 18.9895 0 0 0 14.6018 0 0 0 14.6018 -16.0643 1
0.606813 2.29972 0 0 0 7.11803 18.9895 0 0 0 14.6018 0 0 0 14.6018 -16.0643 1
0.608063 2.29972 0 0 0 7.11803 18.9895 0 0 0 14.6018 0 0 0 14.6018 -16.0643 1
0.609313 2.29972 0 0 0 7.11803 18.9895 0 0 0 14.6018 0 0 0 14.6018 -16.0643 1
0.610563 2.29972 0 0 0 7.11803 18.9895 0 0 0 14.6018 0 0 0 14.6018 -16.0643 1
0.611813 2.29972 0 0 0 7.11803 18.9895 0 0 0 14.6018 0 0 0 14.6018 -16.0643 1
0.613063 2.29972 0 0 0 7.11803 18.9895 0 0 0 14.6018 0 0 0 14.6018 -16.0643 1
0.614313 2.29972 0 0 0 7.11803 18.9895 0 0 0 14.6018 0 0 0 14.6018 -16.0643 1
0.615563 2.29972 0 0 0 7.11803 18.9895 0 0 0 14.6018 0 0 0 14.6018 -16.0643 1
0.616813 2.29972 0 0 0 7.11803 18.9895 0 0 0 14.6018 0 0 0 14.6018 -16.0643 1
0.618063 2.29972 0 0 0 7.11803 18.9895 0 0 0 14.6018 0 0 0 14.6018 -16.0643 1
0.619313 2.29972 0 0 0 7.11803 18.9895 0 0 0 14.6018 0 0 0 14.6018 -16.0643 1
0.620563 2.29972 0 0 0 7.11803 18.9895 0 0 0 14.6018 0 0 0 14.6018 -16.0643 1
0.621813 2.29972 0 0 0 7.11803 18.9895 0 0 0 14.6018 0 0 0 14.6018 -16.0643 1
0.623063 2.29972 0 0 0 7.11803 18.9895 0 0 0 14.6018 0 0 0 14.6018 -16.0643 1
0.624313 2.29972 0 0 0 7.11803 18.9895 0 0 0 14.6018 0 0 0 14.6018 -16.0643 1
0.625563 2.29972 0 0 0 7.11803 18.9895 0 0 0 14.6018 0 0 0 14.6018 -16.0643 1
0.626813 2.29972 0 0 0 7.11803 18.9895 0 0 0 14.6018 0 0 0 14.6018 -16.0643 1
0.628063 2.29972 0 0 0 7.11803 18.9895 0 0 0 14.6018 0 0 0 14.6018 -16.0643 1
0.629313 2.29972 0 0 0 7.11803 18.9895 0 0 0 14.6018 0 0 0 14.6018 -16.0643 1
0.630563 2.29972 0 0 0 7.11803 18.9895 0 0 0 14.6018 0 0 0 14.6018 -16.0643 1
0.631813 2.29972 0 0 0 7.11803 18.9895 0 0 0 14.6018 0 0 0 14.6018 -16.0643 1
0.633063 2.29972 0 0 0 7.11803 18.9895 0 0 0 14.6018 0 0 0 14.6018 -16.0643 1
0.634313 2.29972 0 0 0 7.11803 18.9895 0 0 0 14.6018 0 0 0 14.6018 -16.0643 1
0.635563 2.29972 0 0 0 7.11803 18.9895 0 0 0 14.6018 0 0 0 14.6018 -16.0643 1
0.636813 2.29972 0 0 0 7.11803 18.9895 0 0 0 14.6018 0 0 0 14.6018 -16.0643 1
0.638063 2.29972 0 0 0 7.11803 18.9895 0 0 0 14.6018 0 0 0 14.6018 -16.0643 1
0.639313 2.29972 0 0 0 7.11803 18.9895 0 0 0 14.6018 0 0 0 14.6018 -16.0643 1
0.640563 2.29972 0 0 0 7.11803 18.9895 0 0 0 14.6018 0 0 0 14.6018 -16.0643 1
0.641813 2.29972 0 0 0 7.11803 18.9895 0 0 0 14.6018 0 0 0 14.6018 -16.0643 1
0.643063 2.29972 0 0 0 7.11803 18.9895 0 0 0 14.6018 0 0 0 14.6018 -16.0643 1
0.644313 2.29972 0 0 0 7.11803 18.9895 0 0 0 14.6018 0 0 0 14.6018 -16.0643 1
0.645563 2.29972 0 0 0 7.11803 18.9895 0 0 0 14.6018 0 0 0 14.6018 -16.0643 1
0.646813 2.29972 0 0 0 7.11803 18.9895 0 0 0 14.6018 0 0 0 14.6018 -16.0643 1
0.648063 2.29972 0 0 0 7.11803 18.9895 0 0 0 14.6018 0 0 0 14.6018 -16.0643 1
0.649313 2.29972 0 0 0 7.11803 18.9895 0 0 0 14.6018 0 0 0 14.6018 -16.0643 1
0.650563 2.29972 0 0 0 7.11803 18.9895 0 0 0 14.6018 0 0 0 14.6018 -16.0643 1
0.651813 2.29972 0 0 0 7.11803 18.9895 0 0 0 14.6018 0 0 0 14.6018 -16.0643 1
0.653063 2.29972 0 0 0 7.11803 18.9895 0 0 0 14.6018 0 0 0 14.6018 -16.0643 1
0.654313 2.29972 0 0 0 7.11803 18.9895 0 0 0 14.6018 0 0 0 14.6018 -16.0643 1
0.655563 2.29972 0 0 0 7.11803 18.9895 0 0 0 14.6018 0 0 0 14.6018 -16.0643 1
0.656813 2.29972 0 0 0 7.11803 18.9895 0 0 0 14.6018 0 0 0 14.6018 -16.0643 1
0.658063 2.29972 0 0 0 7.11803 18.9895 0 0 0 14.6018 0 0 0 14.6018 -16.0643 1
0.659313 2.29972 0 0 0 7.11803 18.9895 0 0 0 14.6018 0 0 0 14.6018 -16.0643 1
0.660563 2.29972 0 0 0 7.11803 18.9895 0 0 0 14.6018 0 0 0 14.6018 -16.0643 1
0.661813 2.29972 0 0 0 7.11803 18.9895 0 0 0 14.6018 0 0 0 14.6018 -16.0643 1
0.663063 2.29972 0 0 0 7.11803 18.9895 0 0 0 14.6018 0 0 0 14.6018 -16.0643 1
0.664313 2.29972 0 0 0 7.11803 18.9895 0 0 0 14.6018 0 0 0 14.6018 -16.0643 1
0.665563 2.29972 0 0 0 7.11803 18.9895 0 0 0 14.6018 0 0 0 14.6018 -16.0643 1
0.666813 2.29972 0 0 0 7.11803 18.9895 0 0 0 14.6018 0 0 0 14.6018 -16.0643 1
0.668063 2.29972 0 0 0 7.11803 18.9895 0 0 0 14.6018 0 0 0 14.6018 -16.0643 1
0.669313 2.29972 0 0 0 7.11803 18.9895 0 0 0 14.6018 0 0 0 14.6018 -16.0643 1
0.670563 2.29972 0 0 0 7.11803 18.9895 0 0 0 14.6018 0 0 0 14.6018 -16.0643 1
0.671813 2.29972 0 0 0 7.11803 18.9895 0 0 0 14.6018 0 0 0 14.6018 -16.0643 1
0.673063 2.29972 0 0 0 7.11803 18.9895 0 0 0 14.6018 0 0 0 14.6018 -16.0643 1
0.674313 2.29972 0 0 0 7.11803 18.9895 0 0 0 14.6018 0 0 0 14.6018 -16.0643 1
0.675563 2.29972 0 0 0 7.11803 18.9895 0 0 0 14.6018 0 0 0 14.6018 -16.0643 1
0.676813 2.29972 0 0 0 7.11803 18.9895 0 0 0 14.6018 0 0 0 14.6018 -16.0643 1
0.678063 2.29972 0 0 0 7.11803 18.9895 0 0 0 14.6018 0 0 0 14.6018 -16.0643 1
0.679313 2.29972 0 0 0 7.11803 18.9895 0 0 0 14.6018 0 0 0 14.6018 -16.0643 1
0.680563 2.29972 0 0 0 7.11803 18.9895 0 0 0 14.6018 0 0 0 14.6018 -16.0643 1
0.681813 2.29972 0 0 0 7.11803 18.9895 0 0 0 14.6018 0 0 0 14.6018 -16.0643 1
0.683063 2.29972 0 0 0 7.11803 18.9895 0 0 0 14.6018 0 0 0 14.6018 -16.0643 1
0.684313 2.29972 0 0 0 7.11803 18.9895 0 0 0 14.6018 0 0 0 14.6018 -16.0643 1
0.685563 2.29972 0 0 0 7.11803 18.9895 0 0 0 14.6018 0 0 0 14.6018 -16.0643 1
0.686813 2.29972 0 0 0 7.11803 18.9895 0 0 0 14.6018 0 0 0 14.6018 -16.0643 1
0.688063 2.29972 0 0 0 7.11803 18.9895 0 0 0 14.6018 0 0 0 14.6018 -16.0643 1
0.689313 2.29972 0 0 0 7.11803 18.9895 0 0 0 14.6018 0 0 0 14.6018 -16.0643 1
0.690563 2.29972 0 0 0 7.11803 18.9895 0 0 0 14.6018 0 0 0 14.6018 -16.0643 1
0.691813 2.29972 0 0 0 7.11803 18.9895 0 0 0 14.6018 0 0 0 14.6018 -16.0643 1
0.693063 2.29972 0 0 0 7.11803 18.9895 0 0 0 14.6018 0 0 0 14.6018 -16.0643 1
0.694313 2.29972 0 0 0 7.11803 18.9895 0 0 0 14.6018 0 0 0 14.6018 -16.0643 1
0.695563 2.29972 0 0 0 7.11803 18.9895 0 0 0 14.6018 0 0 0 14.6018 -16.0643 1
0.696813 2.29972 0 0 0 7.11803 18.9895 0 0 0 14.6018 0 0 0 14.6018 -16.0643 1
0.698063 2.29972 0 0 0 7.11803 18.9895 0 0 0 14.6018 0 0 0 14.6018 -16.0643 1
0.699313 2.29972 0 0 0 7.11803 18.9895 0 0 0 14.6018 0 0 0 14.6018 -16.0643 1
0.700563 2.29972 0 0 0 7.11803 18.9895 0 0 0 14.6018 0 0 0 14.6018 -16.0643 1
0.701813 2.29972 0 0 0 7.11803 18.9895 0 0 0 14.6018 0 0 0 14.6018 -16.0643 1
0.703063 2.29972 0 0 0 7.11803 18.9895 0 0 0 14.6018 0 0 0 14.6018 -16.0643 1
0.704313 2.29972 0 0 0 7.11803 18.9895 0 0 0 14.6018 0 0 0 14.6018 -16.0643 1
0.705563 2.29972 0 0 0 7.11803 18.9895 0 0 0 14.6018 0 0 0 14.6018 -16.0643 1
0.706813 2.29972 0 0 0 7.11803 18.9895 0 0 0 14.6018 0 0 0 14.6018 -16.0643 1
0.708063 2.29972 0 0 0 7.11803 18.9895 0 0 0 14.6018 0 0 0 14.6018 -16.0643 1
0.709313 2.29972 0 0 0 7.11803 18.9895 0 0 0 14.6018 0 0 0 14.6018 -16.0643 1
0.710563 2.29972 0 0 0 7.11803 18.9895 0 0 0 14.6018 0 0 0 14.6018 -16.0643 1
0.711813 2.29972 0 0 0 7.11803 18.9895 0 0 0 14.6018 0 0 0 14.6018 -16.0643 1
0.713063 2.29972 0 0 0 7.11803 18.9895 0 0 0 14.6018 0 0 0 14.6018 -16.0643 1
0.714313 2.30147 0 0 6.02485e-09 7.12689 18.9587 0 0 0 14.5621 0 0 0 14.5621 -16.0276 1 
0.715562 2.30412 0 0 5.84873e-09 7.13696 18.9231 0 0 0 14.5167 0 0 0 14.5167 -15.9855 1 
0.716812 2.30767 0 0 5.69028e-09 7.15037 18.8751 0 0 0 14.4556 0 0 0 14.4556 -15.9288 1 
0.718063 2.31182 0 0 5.53985e-09 7.16589 18.8183 0 0 0 14.3842 0 0 0 14.3842 -15.8622 1 
0.719313 2.3163 0 0 5.39378e-09 7.1825 18.7562 0 0 0 14.3068 0 0 0 14.3068 -15.7899 1 
0.720562 2.32097 0 0 5.25324e-09 7.19965 18.6905 0 0 0 14.2258 0 0 0 14.2258 -15.714 1 
0.721812 2.32577 0 0 5.11963e-09 7.21716 18.622 0 0 0 14.1421 0 0 0 14.1421 -15.6354 1 
0.723063 2.3307 0 0 4.9933e-09 7.23493 18.5507 0 0 0 14.0561 0 0 0 14.0561 -15.5543 1 
0.724313 2.33574 0 0 4.87404e-09 7.25295 18.4767 0 0 0 13.9677 0 0 0 13.9677 -15.4707 1 
0.725562 2.34089 0 0 4.76137e-09 7.27119 18.4 0 0 0 13.877 0 0 0 13.877 -15.3847 1 
0.726812 2.34614 0 0 4.65456e-09 7.28964 18.3207 0 0 0 13.7841 0 0 0 13.7841 -15.2963 1 
0.728062 2.35149 0 0 4.55287e-09 7.30824 18.2387 0 0 0 13.6892 0 0 0 13.6892 -15.2057 1 
0.729313 2.35693 0 0 4.45558e-09 7.32697 18.1543 0 0 0 13.5924 0 0 0 13.5924 -15.113 1 
0.730563 2.36244 0 0 4.35922e-09 7.34578 18.0674 0 0 0 13.4939 0 0 0 13.4939 -15.0184 1 
0.731812 2.368 0 0 4.26373e-09 7.36463 17.9784 0 0 0 13.3939 0 0 0 13.3939 -14.9221 1 
0.733062 2.37363 0 0 4.16998e-09 7.3835 17.8872 0 0 0 13.2926 0 0 0 13.2926 -14.8241 1 
0.734313 2.37931 0 0 4.07868e-09 7.40237 17.7939 0 0 0 13.1899 0 0 0 13.1899 -14.7246 1 
0.735563 2.38503 0 0 3.99007e-09 7.42123 17.6986 0 0 0 13.086 0 0 0 13.086 -14.6235 1 
0.736812 2.39079 0 0 3.90419e-09 7.44008 17.6012 0 0 0 12.9809 0 0 0 12.9809 -14.521 1 
0.738062 2.3966 0 0 3.82097e-09 7.4589 17.5017 0 0 0 12.8745 0 0 0 12.8745 -14.4169 1 
0.739313 2.40245 0 0 3.74032e-09 7.4777 17.4003 0 0 0 12.7671 0 0 0 12.7671 -14.3115 1 
0.740563 2.40834 0 0 3.66216e-09 7.49646 17.2968 0 0 0 12.6586 0 0 0 12.6586 -14.2046 1 
0.741812 2.41426 0 0 3.58643e-09 7.51519 17.1913 0 0 0 12.5489 0 0 0 12.5489 -14.0964 1 
0.743062 2.42021 0 0 3.51305e-09 7.53387 17.0838 0 0 0 12.4382 0 0 0 12.4382 -13.9868 1 
0.744313 2.4262 0 0 3.44194e-09 7.5525 16.9743 0 0 0 12.3265 0 0 0 12.3265 -13.8758 1 
0.745563 2.43222 0 0 3.37301e-09 7.57109 16.8629 0 0 0 12.2138 0 0 0 12.2138 -13.7635 1 
0.746812 2.43827 0 0 3.3062e-09 7.58962 16.7495 0 0 0 12.1002 0 0 0 12.1002 -13.6499 1 
0.748062 2.44434 0 0 3.24142e-09 7.6081 16.6341 0 0 0 11.9855 0 0 0 11.9855 -13.535 1 
0.749313 2.45045 0 0 3.17859e-09 7.62652 16.5167 0 0 0 11.8699 0 0 0 11.8699 -13.4189 1 
0.750563 2.45658 0 0 3.11766e-09 7.64489 16.3974 0 0 0 11.7534 0 0 0 11.7534 -13.3014 1 
0.751812 2.46273 0 0 3.05854e-09 7.66319 16.2762 0 0 0 11.6361 0 0 0 11.6361 -13.1828 1 
0.753062 2.46891 0 0 3.00118e-09 7.68143 16.153 0 0 0 11.5178 0 0 0 11.5178 -13.0629 1 
0.754313 2.47511 0 0 2.9455e-09 7.69961 16.0279 0 0 0 11.3986 0 0 0 11.3986 -12.9417 1 
0.755563 2.48133 0 0 2.89144e-09 7.71772 15.9008 0 0 0 11.2787 0 0 0 11.2787 -12.8194 1 
0.756812 2.48758 0 0 2.83895e-09 7.73577 15.7718 0 0 0 11.1578 0 0 0 11.1578 -12.6958 1 
0.758062 2.49384 0 0 2.78796e-09 7.75376 15.6409 0 0 0 11.0362 0 0 0 11.0362 -12.5711 1 
0.759312 2.50013 0 0 2.73841e-09 7.77167 15.508 0 0 0 10.9138 0 0 0 10.9138 -12.4452 1 
0.760563 2.50643 0 0 2.69026e-09 7.78952 15.3732 0 0 0 10.7905 0 0 0 10.7905 -12.3181 1 
0.761813 2.51275 0 0 2.64344e-09 7.80729 15.2365 0 0 0 10.6665 0 0 0 10.6665 -12.1899 1 
0.763062 2.51909 0 0 2.5979e-09 7.825 15.0979 0 0 0 10.5418 0 0 0 10.5418 -12.0605 1 
0.764312 2.52545 0 0 2.55361e-09 7.84264 14.9574 0 0 0 10.4163 0 0 0 10.4163 -11.93 1 
0.765563 2.53182 0 0 2.51051e-09 7.86021 14.8149 0 0 0 10.29 0 0 0 10.29 -11.7983 1 
0.766813 2.53821 0 0 2.46855e-09 7.87771 14.6705 0 0 0 10.163 0 0 0 10.163 -11.6655 1 
0.768062 2.54461 0 0 2.42771e-09 7.89514 14.5243 0 0 0 10.0354 0 0 0 10.0354 -11.5317 1 
0.769312 2.55103 0 0 2.38793e-09 7.91249 14.3761 0 0 0 9.90697 0 0 0 9.90697 -11.3967 1 
0.770563 2.55745 0 0 2.34918e-09 7.92977 14.226 0 0 0 9.77791 0 0 0 9.77791 -11.2606 1 
0.771813 2.5639 0 0 2.31142e-09 7.94699 14.0741 0 0 0 9.64816 0 0 0 9.64816 -11.1235 1 
0.773062 2.57035 0 0 2.27462e-09 7.96413 13.9202 0 0 0 9.51776 0 0 0 9.51776 -10.9852 1 
0.774312 2.57682 0 0 2.23875e-09 7.98119 13.7645 0 0 0 9.38669 0 0 0 9.38669 -10.8459 1 
0.775563 2.5833 0 0 2.20377e-09 7.99819 13.6068 0 0 0 9.25499 0 0 0 9.25499 -10.7056 1 
0.776813 2.58979 0 0 2.16965e-09 8.01511 13.4473 0 0 0 9.12265 0 0 0 9.12265 -10.5642 1 
0.778062 2.59629 0 0 2.13636e-09 8.03196 13.2859 0 0 0 8.98969 0 0 0 8.98969 -10.4217 1 
0.779312 2.6028 0 0 2.10388e-09 8.04874 13.1226 0 0 0 8.85612 0 0 0 8.85612 -10.2783 1 
0.780563 2.60932 0 0 2.07218e-09 8.06544 12.9574 0 0 0 8.72194 0 0 0 8.72194 -10.1338 1 
0.781813 2.61584 0 0 2.04123e-09 8.08207 12.7903 0 0 0 8.58717 0 0 0 8.58717 -9.98823 1 
0.783062 2.62238 0 0 2.01101e-09 8.09864 12.6214 0 0 0 8.45181 0 0 0 8.45181 -9.84168 1 
0.784312 2.62893 0 0 1.9815e-09 8.11512 12.4506 0 0 0 8.31588 0 0 0 8.31588 -9.69413 1 
0.785563 2.63548 0 0 1.95266e-09 8.13154 12.278 0 0 0 8.17938 0 0 0 8.17938 -9.54557 1 
0.786813 2.64204 0 0 1.92449e-09 8.14788 12.1034 0 0 0 8.04232 0 0 0 8.04232 -9.39602 1 
0.788062 2.64861 0 0 1.89696e-09 8.16416 11.927 0 0 0 7.90471 0 0 0 7.90471 -9.24548 1 
0.789312 2.65519 0 0 1.87004e-09 8.18036 11.7488 0 0 0 7.76656 0 0 0 7.76656 -9.09396 1 
0.790562 2.66177 0 0 1.84373e-09 8.19649 11.5686 0 0 0 7.62788 0 0 0 7.62788 -8.94147 1 
0.791813 2.66836 0 0 1.81801e-09 8.21254 11.3867 0 0 0 7.48866 0 0 0 7.48866 -8.788 1 
0.793063 2.67495 0 0 1.79285e-09 8.22853 11.2028 0 0 0 7.34893 0 0 0 7.34893 -8.63356 1 
0.794312 2.68155 0 0 1.76823e-09 8.24445 11.0172 0 0 0 7.20868 0 0 0 7.20868 -8.47817 1 
0.795562 2.68816 0 0 1.74416e-09 8.26029 10.8296 0 0 0 7.06793 0 0 0 7.06793 -8.32182 1 
0.796813 2.69477 0 0 1.7206e-09 8.27607 10.6402 0 0 0 6.92668 0 0 0 6.92668 -8.16453 1 
0.798063 2.70139 0 0 1.69754e-09 8.29177 10.449 0 0 0 6.78493 0 0 0 6.78493 -8.00629 1 
0.799312 2.70801 0 0 1.67497e-09 8.30741 10.2559 0 0 0 6.6427 0 0 0 6.6427 -7.8471 1 
0.800562 2.71463 0 0 1.65288e-09 8.32298 10.061 0 0 0 6.49999 0 0 0 6.49999 -7.68699 1 
0.801813 2.72126 0 0 1.63125e-09 8.33848 9.86422 0 0 0 6.3568 0 0 0 6.3568 -7.52594 1 
0.803063 2.72789 0 0 1.61007e-09 8.35391 9.66561 0 0 0 6.21314 0 0 0 6.21314 -7.36397 1 
0.804312 2.73453 0 0 1.58931e-09 8.36927 9.46516 0 0 0 6.06902 0 0 0 6.06902 -7.20107 1 
0.805562 2.74117 0 0 1.56898e-09 8.38456 9.26287 0 0 0 5.92444 0 0 0 5.92444 -7.03725 1 
0.806813 2.74781 0 0 1.54906e-09 8.39979 9.05875 0 0 0 5.77941 0 0 0 5.77941 -6.87252 1 
0.808063 2.75446 0 0 1.52954e-09 8.41495 8.85279 0 0 0 5.63393 0 0 0 5.63393 -6.70689 1 
0.809312 2.76111 0 0 1.5104e-09 8.43004 8.64499 0 0 0 5.48801 0 0 0 5.48801 -6.54034 1 
0.810562 2.76776 0 0 1.49164e-09 8.44507 8.43537 0 0 0 5.34166 0 0 0 5.34166 -6.37289 1 
0.811813 2.77441 0 0 1.47323e-09 8.46003 8.22391 0 0 0 5.19487 0 0 0 5.19487 -6.20455 1 
0.813063 2.78107 0 0 1.45518e-09 8.47492 8.01063 0 0 0 5.04765 0 0 0 5.04765 -6.03531 1 
0.814312 2.78773 0 0 1.43747e-09 8.48975 7.79552 0 0 0 4.90001 0 0 0 4.90001 -5.86518 1 
0.815562 2.79439 0 0 1.42009e-09 8.50452 7.57858 0 0 0 4.75195 0 0 0 4.75195 -5.69416 1 
0.816813 2.80105 0 0 1.40304e-09 8.51921 7.35983 0 0 0 4.60348 0 0 0 4.60348 -5.52226 1 
0.818063 2.80771 0 0 1.38629e-09 8.53385 7.13925 0 0 0 4.45461 0 0 0 4.45461 -5.34949 1 
0.819312 2.81438 0 0 1.36985e-09 8.54842 6.91686 0 0 0 4.30532 0 0 0 4.30532 -5.17584 1 
0.820562 2.82104 0 0 1.3537e-09 8.56293 6.69266 0 0 0 4.15565 0 0 0 4.15565 -5.00132 1 
0.821812 2.82771 0 0 1.33783e-09 8.57737 6.46664 0 0 0 4.00558 0 0 0 4.00558 -4.82593 1 
0.823063 2.83438 0 0 1.32223e-09 8.59175 6.23882 0 0 0 3.85512 0 0 0 3.85512 -4.64968 1 
0.824313 2.84105 0 0 1.30689e-09 8.60607 6.00919 0 0 0 3.70427 0 0 0 3.70427 -4.47258 1 
0.825562 2.84772 0 0 1.2918e-09 8.62032 5.77776 0 0 0 3.55306 0 0 0 3.55306 -4.29462 1 
0.826812 2.85438 0 0 1.27694e-09 8.63452 5.54454 0 0 0 3.40147 0 0 0 3.40147 -4.11583 1 
0.828063 2.86105 0 0 1.26228e-09 8.64865 5.30954 0 0 0 3.24951 0 0 0 3.24951 -3.93619 1 
0.829313 2.86772 0 0 1.2478e-09 8.66271 5.07275 0 0 0 3.0972 0 0 0 3.0972 -3.75572 1 
0.830562 2.87439 0 0 1.23349e-09 8.67672 4.8342 0 0 0 2.94454 0 0 0 2.94454 -3.57443 1 
0.831812 2.88105 0 0 1.21934e-09 8.69066 4.59388 0 0 0 2.79154 0 0 0 2.79154 -3.39232 1 
0.833063 2.88772 0 0 1.2053e-09 8.70454 4.35182 0 0 0 2.6382 0 0 0 2.6382 -3.20941 1 
0.834313 2.89438 0 0 1.19137e-09 8.71836 4.10802 0 0 0 2.48454 0 0 0 2.48454 -3.0257 1 
0.835562 2.90104 0 0 1.17751e-09 8.73211 3.86251 0 0 0 2.33058 0 0 0 2.33058 -2.84122 1 
0.836812 2.9077 0 0 1.16367e-09 8.7458 3.61531 0 0 0 2.17632 0 0 0 2.17632 -2.65599 1 
0.838063 2.91435 0 0 1.14981e-09 8.75943 3.36644 0 0 0 2.0218 0 0 0 2.0218 -2.47001 1 
0.839313 2.921 0 0 1.13584e-09 8.77299 3.11595 0 0 0 1.86702 0 0 0 1.86702 -2.28333 1 
0.840562 2.92764 0 0 1.12166e-09 8.78648 2.86389 0 0 0 1.71202 0 0 0 1.71202 -2.09597 1 
0.841812 2.93427 0 0 1.10711e-09 8.7999 2.61031 0 0 0 1.55684 0 0 0 1.55684 -1.908 1 
0.843063 2.9409 0 0 1.09197e-09 8.81324 2.35532 0 0 0 1.40154 0 0 0 1.40154 -1.71946 1 
0.844313 2.94751 0 0 1.07588e-09 8.82651 2.09904 0 0 0 1.24619 0 0 0 1.24619 -1.53047 1 
0.845562 2.9541 0 0 1.05823e-09 8.83969 1.84168 0 0 0 1.09092 0 0 0 1.09092 -1.34117 1 
0.846812 2.96067 0 0 1.03798e-09 8.85276 1.58354 0 0 0 0.935896 0 0 0 0.935896 -1.15178 1 
0.848063 2.9672 0 0 1.01305e-09 8.8657 1.32514 0 0 0 0.781433 0 0 0 0.781433 -0.962669 1 
0.849313 2.97366 0 0 9.78775e-10 8.87848 1.06747 0 0 0 0.628095 0 0 0 0.628095 -0.774552 1 
0.850562 2.98002 0 0 9.22852e-10 8.89098 0.812625 0 0 0 0.477114 0 0 0 0.477114 -0.588951 1 
0.851812 2.98612 0 0 8.12695e-10 8.90295 0.565988 0 0 0 0.331619 0 0 0 0.331619 -0.409742 1 
0.853062 2.99166 0 0 5.93707e-10 8.91377 0.341208 0 0 0 0.199544 0 0 0 0.199544 -0.246765 1 
0.854313 2.996 0 0 2.86e-10 8.92222 0.164103 0 0 0 0.0958296 0 0 0 0.0958296 -0.118587 1 
0.855563 2.99859 0 0 6.90824e-11 8.92727 0.0577568 0 0 0 0.0336982 0 0 0 0.0336982 -0.0417177 1 
0.856812 2.99966 0 0 7.09933e-12 8.92933 0.0141453 0 0 0 0.00825015 0 0 0 0.00825015 -0.0102152 1 
0.858062 2.99994 0 0 3.12149e-13 8.92989 0.00240981 0 0 0 0.00140537 0 0 0 0.00140537 -0.00174018 1 
0.859313 2.99999 0 0 6.48329e-15 8.92999 0.000287275 0 0 0 0.000167532 0 0 0 0.000167532 -0.000207446 1 
0.860563 3 0 0 5.79337e-17 8.93 2.58255e-05 0 0 0 1.50608e-05 0 0 0 1.50608e-05 -1.8649e-05 1 
0.861812 3 0 0 1.31628e-17 8.93 8.84513e-06 0 0 0 5.15826e-06 0 0 0 5.15826e-06 -6.38722e-06 1 
0.863062 3 0 0 1.03917e-18 8.93 4.29166e-06 0 0 0 2.50279e-06 0 0 0 2.50279e-06 -3.09908e-06 1 
0.864313 3 0 0 0 8.93 1.98122e-06 0 0 0 1.1554e-06 0 0 0 1.1554e-06 -1.43067e-06 1 
0.865563 3 0 0 1.13443e-17 8.93 8.3965e-07 0 0 0 4.89664e-07 0 0 0 4.89664e-07 -6.06326e-07 1 
0.866812 3 0 0 1.76659e-17 8.93 3.25969e-07 0 0 0 1.90097e-07 0 0 0 1.90097e-07 -2.35388e-07 1 
0.868062 3 0 0 1.18638e-17 8.93 1.15699e-07 0 0 0 6.74727e-08 0 0 0 6.74727e-08 -8.35481e-08 1 
0.869313 3 0 0 8.91953e-18 8.93 3.74801e-08 0 0 0 2.18575e-08 0 0 0 2.18575e-08 -2.7065e-08 1 
0.870563 3 0 0 1.48082e-17 8.93 1.10641e-08 0 0 0 6.45231e-09 0 0 0 6.45231e-09 -7.98959e-09 1 
0.871812 3 0 0 1.18638e-17 8.93 2.97213e-09 0 0 0 1.73324e-09 0 0 0 1.73324e-09 -2.1462e-09 1 
0.873062 3 0 0 2.06968e-17 8.93 7.2542e-10 0 0 0 4.23011e-10 0 0 0 4.23011e-10 -5.23814e-10 1 
0.874313 3 0 0 1.18638e-17 8.93 1.60652e-10 0 0 0 9.36472e-11 0 0 0 9.36472e-11 -1.15982e-10 1 
0.875563 3 0 0 1.18638e-17 8.93 3.19267e-11 0 0 0 1.8586e-11 0 0 0 1.8586e-11 -2.30329e-11 1 
0.876812 3 0 0 8.91953e-18 8.93 5.51018e-12 0 0 0 3.17834e-12 0 0 0 3.17834e-12 -3.95562e-12 1 
0.878062 3 0 0 2.94431e-18 8.93 5.10495e-13 0 0 0 2.88415e-13 0 0 0 2.88415e-13 -3.62441e-13 1 
0.879313 3 0 0 0 8.93 0 0 0 0 0 0 0 0 0 -0 1 
0.880563 3 0 0 0 8.93 0 0 0 0 0 0 0 0 0 -0 1 
0.881812 3 0 0 0 8.93 0 0 0 0 0 0 0 0 0 -0 1 
0.883062 3 0 0 0 8.93 0 0 0 0 0 0 0 0 0 -0 1 
0.884312 3 0 0 0 8.93 0 0 0 0 0 0 0 0 0 -0 1 
0.885563 3 0 0 0 8.93 0 0 0 0 0 0 0 0 0 -0 1 
0.886813 3 0 0 0 8.93 0 0 0 0 0 0 0 0 0 -0 1 
0.888062 3 0 0 0 8.93 0 0 0 0 0 0 0 0 0 -0 1 
0.889312 3 0 0 0 8.93 0 0 0 0 0 0 0 0 0 -0 1 
0.890563 3 0 0 0 8.93 0 0 0 0 0 0 0 0 0 -0 1 
0.891813 3 0 0 0 8.93 0 0 0 0 0 0 0 0 0 -0 1 
0.893062 3 0 0 0 8.93 0 0 0 0 0 0 0 0 0 -0 1 
0.894312 3 0 0 0 8.93 0 0 0 0 0 0 0 0 0 -0 1 
0.895563 3 0 0 0 8.93 0 0 0 0 0 0 0 0 0 -0 1 
0.896813 3 0 0 0 8.93 0 0 0 0 0 0 0 0 0 -0 1 
0.898062 3 0 0 0 8.93 0 0 0 0 0 0 0 0 0 -0 1 
0.899312 3 0 0 0 8.93 0 0 0 0 0 0 0 0 0 -0 1 
0.900563 3 0 0 0 8.93 0 0 0 0 0 0 0 0 0 -0 1 
0.901813 3 0 0 0 8.93 0 0 0 0 0 0 0 0 0 -0 1 
0.903062 3 0 0 0 8.93 0 0 0 0 0 0 0 0 0 -0 1 
0.904312 3 0 0 0 8.93 0 0 0 0 0 0 0 0 0 -0 1 
0.905563 3 0 0 0 8.93 0 0 0 0 0 0 0 0 0 -0 1 
0.906813 3 0 0 0 8.93 0 0 0 0 0 0 0 0 0 -0 1 
0.908062 3 0 0 0 8.93 0 0 0 0 0 0 0 0 0 -0 1 
0.909312 3 0 0 0 8.93 0 0 0 0 0 0 0 0 0 -0 1 
0.910563 3 0 0 0 8.93 0 0 0 0 0 0 0 0 0 -0 1 
0.911813 3 0 0 0 8.93 0 0 0 0 0 0 0 0 0 -0 1 
0.913062 3 0 0 0 8.93 0 0 0 0 0 0 0 0 0 -0 1 
0.914312 3 0 0 0 8.93 0 0 0 0 0 0 0 0 0 -0 1 
0.915562 3 0 0 0 8.93 0 0 0 0 0 0 0 0 0 -0 1 
0.916813 3 0 0 0 8.93 0 0 0 0 0 0 0 0 0 -0 1 
0.918063 3 0 0 0 8.93 0 0 0 0 0 0 0 0 0 -0 1 
0.919312 3 0 0 0 8.93 0 0 0 0 0 0 0 0 0 -0 1 
0.920562 3 0 0 0 8.93 0 0 0 0 0 0 0 0 0 -0 1 
0.921813 3 0 0 0 8.93 0 0 0 0 0 0 0 0 0 -0 1 
0.923063 3 0 0 0 8.93 0 0 0 0 0 0 0 0 0 -0 1 
0.924312 3 0 0 0 8.93 0 0 0 0 0 0 0 0 0 -0 1 
0.925562 3 0 0 0 8.93 0 0 0 0 0 0 0 0 0 -0 1 
0.926813 3 0 0 0 8.93 0 0 0 0 0 0 0 0 0 -0 1 
0.928063 3 0 0 0 8.93 0 0 0 0 0 0 0 0 0 -0 1 
0.929312 3 0 0 0 8.93 0 0 0 0 0 0 0 0 0 -0 1 
0.930562 3 0 0 0 8.93 0 0 0 0 0 0 0 0 0 -0 1 
0.931813 3 0 0 0 8.93 0 0 0 0 0 0 0 0 0 -0 1 
0.933063 3 0 0 0 8.93 0 0 0 0 0 0 0 0 0 -0 1 
0.934312 3 0 0 0 8.93 0 0 0 0 0 0 0 0 0 -0 1 
0.935562 3 0 0 0 8.93 0 0 0 0 0 0 0 0 0 -0 1 
0.936813 3 0 0 0 8.93 0 0 0 0 0 0 0 0 0 -0 1 
0.938063 3 0 0 0 8.93 0 0 0 0 0 0 0 0 0 -0 1 
0.939312 3 0 0 0 8.93 0 0 0 0 0 0 0 0 0 -0 1 
0.940562 3 0 0 0 8.93 0 0 0 0 0 0 0 0 0 -0 1 
0.941813 3 0 0 0 8.93 0 0 0 0 0 0 0 0 0 -0 1 
0.943063 3 0 0 0 8.93 0 0 0 0 0 0 0 0 0 -0 1 
0.944312 3 0 0 0 8.93 0 0 0 0 0 0 0 0 0 -0 1 
0.945562 3 0 0 0 8.93 0 0 0 0 0 0 0 0 0 -0 1 
0.946812 3 0 0 0 8.93 0 0 0 0 0 0 0 0 0 -0 1 
0.948063 3 0 0 0 8.93 0 0 0 0 0 0 0 0 0 -0 1 
0.949313 3 0 0 0 8.93 0 0 0 0 0 0 0 0 0 -0 1 
0.950562 3 0 0 0 8.93 0 0 0 0 0 0 0 0 0 -0 1 
0.951812 3 0 0 0 8.93 0 0 0 0 0 0 0 0 0 -0 1 
0.953063 3 0 0 0 8.93 0 0 0 0 0 0 0 0 0 -0 1 
0.954313 3 0 0 0 8.93 0 0 0 0 0 0 0 0 0 -0 1 
0.955562 3 0 0 0 8.93 0 0 0 0 0 0 0 0 0 -0 1 
0.956812 3 0 0 0 8.93 0 0 0 0 0 0 0 0 0 -0 1 
0.958063 3 0 0 0 8.93 0 0 0 0 0 0 0 0 0 -0 1 
0.959313 3 0 0 0 8.93 0 0 0 0 0 0 0 0 0 -0 1 
0.960562 3 0 0 0 8.93 0 0 0 0 0 0 0 0 0 -0 1 
0.961812 3 0 0 0 8.93 0 0 0 0 0 0 0 0 0 -0 1 
0.963063 3 0 0 0 8.93 0 0 0 0 0 0 0 0 0 -0 1 
0.964313 3 0 0 0 8.93 0 0 0 0 0 0 0 0 0 -0 1 
0.965562 3 0 0 0 8.93 0 0 0 0 0 0 0 0 0 -0 1 
0.966812 3 0 0 0 8.93 0 0 0 0 0 0 0 0 0 -0 1 
0.968063 3 0 0 0 8.93 0 0 0 0 0 0 0 0 0 -0 1 
0.969313 3 0 0 0 8.93 0 0 0 0 0 0 0 0 0 -0 1 
0.970562 3 0 0 0 8.93 0 0 0 0 0 0 0 0 0 -0 1 
0.971812 3 0 0 0 8.93 0 0 0 0 0 0 0 0 0 -0 1 
0.973063 3 0 0 0 8.93 0 0 0 0 0 0 0 0 0 -0 1 
0.974313 3 0 0 0 8.93 0 0 0 0 0 0 0 0 0 -0 1 
0.975562 3 0 0 0 8.93 0 0 0 0 0 0 0 0 0 -0 1 
0.976812 3 0 0 0 8.93 0 0 0 0 0 0 0 0 0 -0 1 
0.978062 3 0 0 0 8.93 0 0 0 0 0 0 0 0 0 -0 1 
0.979313 3 0 0 0 8.93 0 0 0 0 0 0 0 0 0 -0 1 
0.980563 3 0 0 0 8.93 0 0 0 0 0 0 0 0 0 -0 1 
0.981812 3 0 0 0 8.93 0 0 0 0 0 0 0 0 0 -0 1 
0.983062 3 0 0 0 8.93 0 0 0 0 0 0 0 0 0 -0 1 
0.984313 3 0 0 0 8.93 0 0 0 0 0 0 0 0 0 -0 1 
0.985563 3 0 0 0 8.93 0 0 0 0 0 0 0 0 0 -0 1 
0.986812 3 0 0 0 8.93 0 0 0 0 0 0 0 0 0 -0 1 
0.988062 3 0 0 0 8.93 0 0 0 0 0 0 0 0 0 -0 1 
0.989313 3 0 0 0 8.93 0 0 0 0 0 0 0 0 0 -0 1 
0.990563 3 0 0 0 8.93 0 0 0 0 0 0 0 0 0 -0 1 
0.991812 3 0 0 0 8.93 0 0 0 0 0 0 0 0 0 -0 1 
0.993062 3 0 0 0 8.93 0 0 0 0 0 0 0 0 0 -0 1 
0.994313 3 0 0 0 8.93 0 0 0 0 0 0 0 0 0 -0 1 
0.995563 3 0 0 0 8.93 0 0 0 0 0 0 0 0 0 -0 1 
0.996812 3 0 0 0 8.93 0 0 0 0 0 0 0 0 0 -0 1 
0.998062 3 0 0 0 8.93 0 0 0 0 0 0 0 0 0 -0 1 
0.999313 3 0 0 0 8.93 0 0 0 0 0 0 0 0 0 -0 1 
